1th document: 4 28 0 2 0 1 0 0 1 0 0 3 1 22 0 0 5 1 0 0 0 40 0 2 0 0 0 0 0 1 0 1 0 0 0 2 1 7 0 3 1 0 81 3 0 1 0 1 0 0
2th document: 3 8 0 0 4 1 1 2 0 0 12 7 0 158 0 0 1 0 0 1 0 0 0 1 1 0 0 0 0 5 0 1 0 299 0 0 1 0 0 0 0 3 5 0 0 0 1 0 3 0
3th document: 0 0 3 1 1 1 1 7 1 1 4 1 3 68 1 3 8 0 3 1 0 103 0 10 0 2 1 2 2 3 0 1 1 0 4 0 0 3 0 0 0 3 1 0 2 58 0 4 1 0
4th document: 0 1 3 1 1 0 3 6 3 1 0 1 2 36 1 0 0 3 0 0 0 1 14 1 0 0 0 1 1 1 2 1 0 0 0 0 2 0 0 0 0 0 4 1 0 0 0 0 3 0
5th document: 0 0 2 0 0 1 0 17 1 1 3 0 1 88 1 2 0 10 1 1 0 2 1 0 3 3 3 6 2 2 1 1 38 0 1 0 0 0 2 0 0 0 12 0 2 2 231 0 0 2
6th document: 1 95 1 0 2 0 1 0 0 1 0 4 0 88 1 3 0 0 1 0 2 72 1 1 0 3 0 0 15 2 1 1 2 7 2 1 0 0 0 1 0 4 110 2 6 1 0 1 3 3
7th document: 1 0 0 1 0 0 0 0 0 0 2 0 0 8 1 0 0 0 0 0 0 3 0 0 0 0 1 0 1 0 0 0 213 0 0 0 0 0 0 1 2 1 40 0 0 0 0 0 3 0
8th document: 0 1 0 0 0 0 1 2 12 0 1 2 0 70 0 0 7 0 4 10 3 18 0 0 1 0 0 0 1 0 0 0 142 2 1 0 4 1 2 2 1 1 1 1 0 1 0 2 0 0
9th document: 1 1 0 1 1 0 2 323 3 0 0 0 2 41 0 3 0 7 0 0 3 0 1 0 0 1 0 2 0 1 1 0 0 0 0 17 3 2 0 5 2 1 0 0 3 2 3 2 0 0
10th document: 2 0 0 0 1 0 0 1 1 0 1 1 1 133 2 0 6 0 0 1 0 96 0 111 5 0 1 1 1 2 2 0 0 2 1 0 0 4 0 0 2 0 18 1 3 0 1 0 0 2
11th document: 0 1 1 1 0 0 0 0 0 0 0 1 0 105 0 1 0 0 0 0 0 2 0 0 0 0 0 0 323 0 0 0 0 18 1 0 0 0 0 0 3 0 51 0 0 0 0 0 0 0
12th document: 3 11 1 0 1 399 0 1 0 1 2 6 0 277 1 1 0 1 0 0 5 78 4 0 0 0 0 0 1 11 1 1 0 23 0 14 1 0 1 0 0 0 3 0 0 1 1 0 2 6
13th document: 1 1 0 1 0 1 1 6 0 0 0 0 1 2 0 0 0 4 0 3 5 4 0 0 0 0 0 0 0 1 0 0 38 20 0 1 1 0 4 1 2 1 3 0 1 1 0 0 0 0
14th document: 1 0 0 1 1 6 2 0 0 4 0 0 2 26 0 0 0 0 0 0 0 139 0 4 0 1 8 3 1 1 3 0 0 32 0 2 2 1 0 0 6 30 10 4 6 1 4 0 1 10
15th document: 6 0 0 0 0 0 0 0 0 0 0 1 2 181 8 0 0 0 2 0 0 3 7 1 0 0 3 1 0 1 1 1 0 0 1 0 2 3 0 3 2 0 0 121 0 0 0 1 2 1
16th document: 1 44 3 22 1 4 2 1 1 0 0 31 0 215 8 1 0 0 5 0 0 4 4 0 0 0 6 1 40 1 0 1 7 59 3 0 4 0 3 0 4 1 30 0 1 0 1 14 0 1
17th document: 15 1 1 3 0 0 1 2 0 1 4 1 3 144 1 0 1 1 0 1 3 5 0 0 0 1 2 0 2 282 0 1 83 1 2 1 0 1 0 1 0 2 3 0 0 0 0 1 0 1
18th document: 2 0 0 2 1 0 0 0 0 1 0 0 1 29 4 0 2 1 0 0 1 16 58 0 0 5 5 0 1 1 0 1 0 1 0 3 0 3 0 2 0 0 1 0 0 2 1 0 0 2
19th document: 2 29 0 0 0 0 5 0 1 0 1 0 6 13 3 0 52 6 1 5 1 32 0 1 0 2 1 0 7 0 2 0 0 22 0 0 2 2 1 3 2 1 9 1 2 0 1 0 0 1
20th document: 0 0 1 0 1 0 0 0 2 7 2 1 0 112 20 4 2 6 0 1 2 2 0 1 1 0 0 1 1 1 124 0 0 0 0 0 4 2 0 0 1 1 0 1 2 2 6 3 1 2
21th document: 1 19 0 1 5 2 0 11 0 0 1 2 0 254 19 0 5 1 191 0 0 50 1 2 0 2 0 0 2 5 0 4 0 0 0 1 2 20 0 0 2 0 1 2 2 0 3 1 0 0
22th document: 0 0 0 2 2 0 1 1 0 1 0 5 3 3 0 0 4 10 1 1 0 171 0 0 0 0 1 0 0 6 0 2 37 1 2 0 0 0 0 1 0 5 3 1 5 8 1 0 0 0
23th document: 1 0 0 0 1 0 0 49 0 1 0 1 1 15 0 1 1 17 1 2 1 0 0 0 22 1 0 1 0 0 0 1 1 0 1 2 0 1 0 0 1 0 2 0 0 2 0 0 0 0
24th document: 1 0 0 1 0 0 1 64 1 0 0 0 0 24 10 0 1 0 0 0 0 3 0 0 1 1 0 1 0 0 1 0 4 0 0 1 0 0 0 0 0 0 0 1 1 0 0 0 1 0
25th document: 0 2 2 3 2 1 1 0 4 3 4 44 2 104 7 0 1 1 2 0 1 0 2 6 0 0 0 0 3 3 0 0 48 0 0 14 2 0 0 1 0 2 7 1 0 2 0 3 1 2
26th document: 1 2 0 0 2 0 0 1 0 1 0 4 1 215 445 4 1 1 0 2 6 0 2 1 0 0 5 1 4 0 0 1 8 2 3 2 0 0 1 0 1 2 0 2 0 1 0 11 1 1
27th document: 3 1 0 3 2 1 2 0 4 0 1 1 0 17 0 3 0 0 0 0 3 38 0 6 1 1 0 2 0 99 1 0 0 0 0 3 4 0 0 0 0 3 0 0 3 0 0 2 0 0
28th document: 0 2 0 0 0 3 1 0 5 0 0 0 105 58 1 0 0 60 2 1 0 8 0 0 0 1 1 2 0 0 2 0 2 0 2 3 0 2 0 1 1 1 2 0 5 0 0 0 4 0
29th document: 0 1 0 6 2 0 1 0 2 3 0 2 0 9 0 1 0 0 1 0 1 138 0 0 1 0 0 1 4 11 0 2 5 1 0 0 0 2 0 1 0 0 0 2 2 0 1 1 5 0
30th document: 0 0 1 1 0 0 1 94 3 1 1 0 0 39 23 0 0 1 0 0 0 5 0 1 0 1 6 0 0 0 2 0 1 0 3 2 0 1 3 1 0 0 0 0 0 1 2 2 0 0
31th document: 1 0 2 4 1 1 51 4 4 0 1 0 6 18 2 0 11 21 3 1 0 2 3 0 1 3 0 1 2 0 1 3 28 6 0 5 1 2 3 7 3 0 6 0 1 1 0 0 1 0
32th document: 15 1 1 2 0 0 2 14 0 0 2 0 0 100 12 1 2 4 0 1 4 30 0 1 0 5 2 1 3 8 1 0 19 1 0 1 2 0 0 0 0 2 0 0 1 0 2 0 3 0
33th document: 0 0 0 1 0 0 0 61 1 0 1 0 6 4 0 0 1 15 0 0 1 0 0 0 0 2 1 1 0 1 0 0 0 0 0 0 5 12 4 0 2 2 0 1 29 2 2 0 0 0
34th document: 0 0 0 3 0 0 2 0 0 0 0 0 0 7 0 0 1 6 0 0 2 0 0 2 0 0 0 0 0 0 0 0 170 0 1 2 0 0 0 0 1 2 27 0 1 0 0 0 1 0
35th document: 0 2 1 5 0 0 1 1 0 0 1 2 3 129 2 1 0 1 0 3 0 22 0 1 0 266 2 0 1 4 1 0 7 0 1 1 0 1 0 0 2 1 0 2 1 1 0 0 1 0
36th document: 0 1 2 1 0 1 0 1 0 5 4 7 2 76 6 0 0 0 0 1 1 77 0 2 0 1 0 4 5 1 0 1 8 0 2 1 0 0 0 2 0 0 259 1 0 1 5 1 0 0
37th document: 0 2 1 1 0 0 0 1 2 123 0 2 2 38 2 1 0 2 0 1 3 0 4 0 2 5 2 0 0 3 2 4 4 0 5 0 2 0 1 1 4 1 0 0 1 0 1 1 3 1
38th document: 0 2 0 0 0 0 0 1 0 0 4 0 0 93 2 0 0 0 0 0 0 0 1 0 0 0 0 0 268 1 1 0 0 0 0 0 0 0 0 0 2 1 31 0 0 0 0 0 0 0
39th document: 0 7 0 1 9 0 0 4 1 0 1 4 11 108 1 2 3 1 0 0 0 4 2 3 1 0 4 0 88 2 5 3 0 2 0 1 13 0 1 4 4 0 2 1 0 1 0 0 13 0
40th document: 0 0 2 1 1 2 2 0 2 0 0 1 0 28 0 1 152 15 3 2 3 93 0 0 0 0 0 1 1 1 0 2 0 0 0 2 1 4 0 0 0 1 1 0 0 0 0 0 1 0
41th document: 0 0 114 0 0 2 0 2 0 0 4 1 2 159 1 2 38 3 0 0 0 2 1 2 0 1 0 0 2 0 0 0 110 3 1 2 0 3 1 0 1 1 7 0 0 5 2 0 1 1
42th document: 1 0 1 0 9 142 1 6 2 0 1 7 0 141 0 4 1 0 0 0 0 10 0 0 7 0 0 1 0 0 1 1 4 0 8 13 2 5 0 0 0 0 0 1 0 2 8 6 2 2
43th document: 1 12 0 3 1 2 2 1 0 1 2 0 2 110 0 1 2 0 0 1 1 0 0 207 0 0 5 0 1 1 2 0 0 3 2 0 1 0 0 0 0 0 45 2 0 2 0 0 1 1
44th document: 0 4 1 0 0 2 7 0 0 0 0 1 0 59 0 5 2 7 3 4 0 1 0 3 3 2 1 1 1 2 120 2 1 0 1 0 1 1 0 0 0 2 7 2 5 2 0 1 0 1
45th document: 0 1 0 6 1 0 3 0 0 2 0 35 0 94 1 0 1 1 2 0 1 4 1 1 0 1 2 2 0 2 2 1 166 2 1 3 0 3 0 2 0 0 2 0 0 0 5 0 0 0
46th document: 2 0 0 0 2 3 2 3 0 5 0 24 0 214 17 2 0 0 1 1 1 10 1 1 1 5 0 2 1 0 323 0 0 0 0 58 0 0 10 1 2 1 1 0 2 2 4 1 1 0
47th document: 2 0 2 2 1 2 0 1 1 2 1 97 0 114 0 0 0 1 3 4 2 36 0 0 4 0 0 0 0 8 1 2 4 2 0 3 0 1 1 4 1 1 0 1 10 2 1 0 0 0
48th document: 0 0 1 1 0 0 3 1 0 0 0 0 2 133 1 1 1 1 1 3 2 0 2 2 1 1 0 1 3 1 1 0 0 1 0 0 2 3 0 0 1 2 19 0 0 0 2 1 212 2
49th document: 14 28 14 3 1 5 0 2 1 0 0 5 15 37 50 0 0 0 1 3 7 5 0 3 0 0 2 0 0 1 1 37 0 1 0 3 0 0 0 0 2 4 6 1 0 0 0 0 0 0
50th document: 0 3 0 2 0 0 2 2 0 0 3 1 0 125 0 0 1 0 1 3 0 0 0 3 0 0 0 2 3 2 0 3 0 0 1 148 1 1 21 1 0 1 1 1 4 0 0 0 5 0
51th document: 2 1 2 0 1 0 0 2 1 0 3 0 0 176 0 336 1 9 0 1 1 1 0 2 0 0 0 0 1 1 0 1 1 0 2 0 0 0 0 9 1 2 11 2 11 0 0 0 16 0
52th document: 2 0 0 3 3 0 0 2 0 0 2 1 1 13 0 0 0 21 1 0 8 70 0 3 1 3 1 4 0 0 0 1 8 1 4 9 2 3 3 0 0 5 0 0 8 0 0 3 86 0
53th document: 0 0 6 0 1 1 0 10 0 0 0 2 0 56 0 0 4 16 0 0 0 32 0 0 0 1 0 1 2 3 4 5 1 0 4 1 6 1 4 0 0 3 1 0 0 0 1 0 5 4
54th document: 1 0 0 0 0 4 1 7 1 1 5 0 0 83 4 0 1 97 0 1 1 37 0 1 8 3 2 3 0 0 1 0 5 1 0 1 0 3 0 0 0 4 2 0 0 0 0 2 0 1
55th document: 0 0 0 0 2 3 2 1 0 2 2 1 10 24 0 2 8 0 0 0 0 12 66 5 0 0 3 1 0 0 0 0 0 0 0 0 0 1 0 3 2 1 0 1 0 1 0 1 8 0
56th document: 0 0 0 0 1 0 0 1 4 2 1 2 3 40 0 0 1 0 0 2 3 47 0 1 0 0 1 11 0 31 0 0 0 2 2 1 1 0 0 0 1 0 0 2 9 0 2 0 0 1
57th document: 3 5 0 8 9 3 3 3 0 2 2 0 5 369 260 6 3 0 6 3 6 0 0 2 2 0 1 0 0 1 12 2 6 4 8 61 1 2 0 0 1 0 0 0 0 4 0 2 0 0
58th document: 3 4 0 1 5 0 0 1 1 2 0 4 0 169 2 0 0 0 0 6 0 8 289 4 0 2 5 0 15 0 1 2 0 1 1 5 2 16 0 1 0 0 1 0 4 0 0 1 2 0
59th document: 5 2 4 0 1 1 4 0 0 3 3 1 8 28 1 0 6 0 4 0 2 87 1 0 2 3 3 6 1 4 1 0 1 5 0 1 2 0 1 1 4 8 0 14 1 0 0 0 2 2
60th document: 2 2 0 2 0 99 2 10 0 0 2 0 1 87 0 0 1 20 1 0 1 16 0 1 1 0 0 1 0 0 0 0 1 1 0 1 0 0 1 1 1 0 4 0 0 0 0 0 2 0
61th document: 0 0 2 5 0 1 3 3 3 0 6 7 0 155 8 1 0 0 1 2 1 10 0 0 0 0 0 2 1 340 0 0 2 6 0 1 0 1 0 0 4 0 1 0 0 1 0 5 0 2
62th document: 1 1 0 3 1 0 3 4 0 1 1 15 0 207 0 0 0 4 1 1 1 8 3 0 0 0 0 0 0 0 2 2 0 587 1 36 0 5 0 0 2 1 10 1 0 8 3 8 0 0
63th document: 1 1 0 2 0 1 0 0 1 0 3 3 1 41 0 1 5 0 0 0 0 8 0 0 1 1 0 0 0 39 0 0 0 0 1 0 0 0 0 0 0 0 1 0 1 2 3 0 0 0
64th document: 0 2 1 9 0 2 2 2 3 0 5 9 1 128 2 0 0 0 1 1 0 0 0 0 0 0 0 0 0 2 2 5 349 2 1 8 0 0 0 1 0 2 1 0 0 0 2 3 0 1
65th document: 0 6 7 0 22 6 5 0 5 0 0 2 2 155 15 3 17 0 80 1 1 0 29 1 10 6 3 3 1 0 13 4 7 42 1 2 3 0 2 6 0 2 29 2 4 0 2 2 0 2
66th document: 0 0 2 9 0 2 0 5 3 3 0 5 0 13 1 2 0 4 0 0 3 288 3 1 0 0 0 1 0 0 1 1 7 0 4 6 0 3 0 1 0 6 2 0 1 4 0 2 0 3
67th document: 0 54 1 1 0 5 0 0 0 0 0 0 1 197 1 0 4 4 1 2 1 0 3 3 2 2 1 1 0 0 0 0 14 5 0 4 0 0 1 2 0 0 5 7 2 1 0 1 1 263
68th document: 0 0 0 0 0 4 0 1 0 1 2 1 0 5 0 0 0 0 0 0 0 124 0 0 2 0 4 0 1 1 0 0 0 3 1 7 0 2 0 2 0 0 0 0 0 2 2 2 1 1
69th document: 0 13 0 1 1 0 2 1 1 0 2 1 1 3 4 0 1 0 1 1 0 14 3 1 0 0 2 0 2 1 1 0 25 0 0 10 0 0 3 0 1 0 5 2 1 0 0 0 0 2
70th document: 1 5 0 1 0 1 1 1 0 0 0 0 0 111 1 1 3 1 0 0 0 0 0 0 0 0 0 0 0 2 2 0 1 0 0 1 0 1 0 0 1 0 8 0 2 0 0 1 580 0
71th document: 0 0 0 2 0 1 0 0 0 0 0 37 1 45 0 1 0 0 1 0 0 10 10 0 0 0 0 0 0 7 1 0 18 0 1 1 0 4 0 0 2 0 1 3 1 1 0 0 0 5
72th document: 0 0 1 0 0 0 2 2 0 0 1 0 0 359 1070 1 0 1 0 0 0 0 0 2 0 0 1 0 0 0 0 0 1 1 1 0 0 0 1 0 0 0 3 0 0 0 0 1 0 1
73th document: 0 3 0 0 0 0 1 0 0 0 2 0 4 79 0 0 215 4 1 0 1 17 0 2 0 0 1 0 1 1 2 1 0 3 1 0 1 0 0 0 4 0 19 1 0 2 1 1 2 1
74th document: 7 0 0 0 1 259 0 2 0 8 0 0 9 213 0 0 0 64 0 1 4 4 4 5 5 0 0 2 0 0 3 3 1 1 1 0 0 0 0 7 0 1 0 3 2 2 1 1 8 2
75th document: 0 0 3 1 2 10 1 0 0 0 0 3 0 126 3 4 1 1 0 0 0 14 0 0 10 2 0 0 0 0 0 0 1 0 4 0 2 46 0 0 2 11 0 0 3 8 0 2 1 1
76th document: 0 0 0 1 0 0 1 8 0 0 0 0 1 26 2 0 0 68 0 0 1 30 0 0 0 1 0 1 1 4 0 1 0 0 0 1 0 0 1 0 3 173 6 0 0 0 1 2 0 0
77th document: 2 3 0 1 1 2 0 4 0 4 8 0 0 184 0 4 3 155 2 340 0 33 3 0 2 0 0 1 0 0 1 4 1 7 1 1 1 1 1 3 0 0 31 2 0 0 0 8 1 2
78th document: 0 4 3 2 1 2 0 0 0 0 1 3 0 81 4 2 1 0 0 1 0 1 13 8 1 0 5 0 1 15 5 1 1 1 0 82 2 0 0 0 11 1 1 2 1 3 5 0 3 12
79th document: 2 3 1 1 0 0 2 8 4 0 0 0 21 32 2 2 13 21 1 0 0 375 1 4 0 0 0 7 2 3 11 2 2 0 1 2 4 2 0 2 3 5 20 3 8 6 0 4 4 1
80th document: 5 0 2 1 0 3 1 0 2 3 1 1 2 38 2 4 0 2 0 2 1 90 0 0 1 1 1 1 0 2 0 2 213 0 0 8 2 3 3 0 0 3 0 0 1 0 2 7 0 0
81th document: 0 1 0 0 0 1 0 1 0 0 0 0 0 6 1 1 0 2 1 0 1 40 0 0 0 2 1 0 37 1 1 0 0 1 0 2 2 0 0 0 1 0 5 1 0 0 1 0 0 0
82th document: 0 1 0 0 0 0 0 0 0 1 0 0 0 360 1073 0 0 1 0 0 0 0 0 1 1 0 0 0 0 0 0 0 0 0 1 0 0 0 1 2 0 0 0 0 0 0 0 0 0 0
83th document: 0 1 1 4 0 0 0 1 2 0 0 2 0 3 0 0 3 78 2 1 0 23 2 3 0 1 1 0 9 0 1 1 0 1 4 3 0 0 1 0 11 2 2 2 224 0 1 0 8 0
84th document: 1 56 1 0 1 3 0 0 0 0 8 1 2 57 0 3 0 2 3 0 0 5 0 1 0 0 0 1 4 3 2 3 2 0 5 1 0 2 4 2 1 104 66 0 16 2 1 0 0 0
85th document: 3 0 0 3 0 0 2 2 9 2 0 10 2 121 1 1 0 3 0 0 0 10 1 3 0 0 0 196 0 13 2 2 2 0 47 4 3 0 0 0 0 12 0 0 2 1 0 0 1 1
86th document: 2 2 0 2 0 1 2 0 1 1 1 2 0 6 1 1 0 4 0 0 3 110 1 2 2 0 0 0 1 0 1 2 7 0 4 0 0 0 0 5 2 6 0 2 2 1 2 0 2 0
87th document: 2 0 113 1 0 0 0 0 0 7 0 5 0 60 6 0 0 2 8 0 1 7 0 3 11 1 2 0 3 1 0 1 0 1 1 3 5 0 0 1 0 1 0 6 0 1 0 1 9 0
88th document: 1 0 0 0 0 1 1 3 0 0 3 0 1 42 0 0 3 23 2 1 0 34 0 0 2 1 1 0 1 1 1 2 0 4 0 1 5 1 81 2 3 0 1 0 2 0 0 0 0 1
89th document: 2 0 0 0 1 4 0 7 2 3 1 0 0 45 0 1 0 2 0 3 0 6 3 0 0 0 0 1 0 0 0 0 0 0 0 47 0 1 5 0 0 1 1 0 3 1 1 0 4 0
90th document: 0 3 2 0 0 0 0 7 4 1 5 12 0 76 6 2 0 1 1 0 0 1 0 0 1 0 0 0 0 1 2 1 2 131 1 15 3 12 0 2 3 0 0 0 5 0 2 0 1 1
91th document: 1 19 0 0 122 5 5 0 2 14 0 3 0 122 4 0 0 1 2 2 1 1 0 1 1 0 2 3 4 2 1 1 0 2 0 9 0 1 0 4 4 0 2 3 2 0 1 1 0 0
92th document: 0 1 0 1 0 2 7 138 3 0 3 0 2 54 0 0 0 1 0 0 0 0 0 0 1 3 0 0 1 2 0 0 1 1 0 0 0 5 0 0 0 1 0 3 1 0 0 0 0 1
93th document: 0 1 0 1 0 0 1 0 3 0 178 1 0 34 0 0 0 2 0 0 0 8 0 1 1 0 0 0 0 2 0 0 1 4 0 7 1 0 1 0 0 0 29 0 3 0 3 0 1 0
94th document: 0 1 1 0 2 1 1 3 2 0 452 0 1 95 0 0 0 1 0 0 1 3 1 1 0 0 0 0 1 1 0 0 0 71 2 1 0 0 0 1 1 4 13 0 3 0 1 0 0 2
95th document: 2 2 1 0 2 2 0 11 0 1 1 1 44 316 0 0 0 4 0 5 308 0 1 4 0 4 2 0 0 4 0 0 7 47 1 2 0 1 1 0 6 2 154 2 2 1 1 1 5 2
96th document: 1 0 0 2 0 0 1 1 0 10 1 1 0 23 1 1 0 1 0 5 5 44 7 0 0 0 0 0 3 26 0 0 117 13 0 14 2 0 0 1 2 5 2 1 10 0 12 3 1 3
97th document: 0 0 0 0 1 0 0 0 0 0 0 1 74 13 1 0 0 42 0 0 0 0 0 1 0 0 0 1 0 0 0 1 0 4 0 0 0 0 0 2 1 0 1 0 0 0 0 0 0 0
98th document: 0 0 1 0 0 3 1 2 1 1 0 1 5 140 0 2 0 1 0 0 0 0 0 3 0 4 0 2 0 0 0 0 11 0 0 65 0 1 0 0 1 0 9 1 1 1 0 1 1 0
99th document: 1 0 2 1 2 0 2 1 0 0 0 2 2 217 2 1 0 0 1 2 3 2 6 0 0 0 1 1 3 295 6 1 2 3 0 6 0 18 3 1 0 1 20 0 3 1 2 0 2 1
100th document: 1 11 2 2 86 1 0 0 0 7 0 5 1 151 41 0 5 0 3 3 0 0 0 1 0 6 7 1 2 0 2 0 1 0 2 7 13 1 1 0 0 0 0 0 2 2 0 9 1 3
101th document: 2 4 1 5 2 1 4 1 3 0 2 7 2 431 11 8 22 0 5 685 3 21 1 6 1 0 8 0 0 1 2 4 2 1 0 101 0 8 1 1 1 3 0 3 0 2 0 0 5 0
102th document: 0 0 0 0 0 0 2 1 0 2 0 277 3 247 5 2 1 0 0 1 1 0 1 0 1 0 0 0 0 0 0 8 7 0 0 1 1 0 2 0 0 4 4 0 3 0 0 3 0 0
103th document: 14 1 0 0 1 1 1 0 0 1 0 4 17 37 6 0 2 3 1 0 3 37 6 2 0 0 4 0 2 0 1 2 0 5 4 0 0 1 1 1 1 2 1 0 2 0 5 1 0 0
104th document: 7 51 2 3 4 12 3 3 0 4 0 4 0 229 0 0 2 5 1 1 2 0 7 1 0 2 2 1 55 1 1 267 4 0 8 2 4 1 1 1 0 0 0 3 0 2 1 0 2 5
105th document: 4 15 2 1 3 2 4 0 0 2 3 0 0 138 1 6 5 0 2 3 0 0 2 2 1 4 2 0 4 6 2 2 5 0 1 1 1 2 0 227 6 2 34 7 1 2 0 0 1 0
106th document: 2 5 0 0 274 3 3 0 14 1 0 6 1 119 0 1 0 3 2 3 0 0 0 0 0 0 1 1 0 0 1 3 0 1 3 0 0 6 2 0 2 0 5 0 11 0 12 1 0 2
107th document: 0 0 1 2 0 0 0 1 0 0 0 158 0 101 3 0 5 2 0 4 0 13 2 2 0 0 0 1 0 1 1 0 20 0 2 33 1 1 0 0 0 0 0 1 0 1 6 0 1 2
108th document: 0 0 5 0 2 1 0 1 120 3 0 0 17 234 3 0 34 1 0 0 0 57 0 2 0 0 1 0 2 1 1 0 0 1 1 0 0 0 2 0 3 1 0 0 1 0 0 0 1 1
109th document: 3 0 1 22 3 1 0 1 0 2 1 120 0 100 1 0 1 1 2 0 0 1 0 1 1 2 0 0 0 10 0 1 7 1 1 2 1 0 0 2 0 2 0 1 3 0 0 0 1 0
110th document: 0 0 2 1 0 0 0 0 0 2 0 3 0 35 0 0 1 1 2 3 0 9 1 1 0 0 0 1 0 8 0 1 9 9 2 17 0 0 1 0 0 0 0 0 1 0 0 1 1 1
111th document: 2 2 2 0 1 0 0 5 0 1 0 8 0 44 1 0 1 0 1 0 0 148 0 0 0 0 2 1 0 0 4 1 16 1 1 3 0 0 0 0 1 4 0 1 1 0 2 3 0 1
112th document: 0 10 5 0 123 0 0 1 0 0 0 0 3 156 3 0 1 1 0 0 0 0 6 0 5 0 2 1 1 3 18 1 0 0 0 3 0 2 5 0 0 0 4 2 1 1 0 2 1 1
113th document: 2 7 0 1 27 4 0 0 3 3 0 2 0 172 24 192 2 1 0 5 1 0 2 1 0 1 0 0 0 0 0 0 0 0 3 20 2 0 0 0 0 2 1 1 0 0 1 0 0 2
114th document: 0 0 0 4 0 0 10 0 3 1 0 0 2 84 0 1 0 0 3 0 2 8 0 0 5 2 0 0 1 12 4 1 68 0 6 2 1 0 3 2 2 1 4 0 3 0 2 2 0 0
115th document: 0 7 4 1 1 0 0 1 2 1 1 1 0 89 0 0 0 4 302 3 0 1 2 5 3 0 1 0 9 5 1 0 0 1 0 0 1 2 1 0 0 0 147 0 5 0 2 3 0 0
116th document: 2 1 1 3 0 1 0 1 0 0 4 1 2 42 0 0 1 4 1 0 1 14 1 1 0 0 2 0 0 7 4 0 0 0 0 69 0 2 3 1 0 0 0 0 1 0 0 0 0 1
117th document: 1 2 1 0 1 0 0 1 0 0 1 3 2 95 0 0 0 1 0 2 1 36 0 1 0 1 0 0 5 0 0 0 0 10 1 3 0 0 0 1 326 0 8 0 2 0 0 2 0 0
118th document: 0 6 0 2 2 0 1 3 0 0 0 0 0 95 3 2 0 0 0 0 2 11 2 0 7 0 0 3 3 2 202 5 0 3 2 28 0 1 2 0 0 2 63 1 1 0 1 1 0 0
119th document: 1 1 0 3 2 0 1 0 1 0 1 0 1 208 3 0 1 0 1 0 1 1 0 0 0 2 0 0 1 1 0 0 1 1 0 0 4 0 0 0 0 2 459 0 1 0 0 1 0 0
120th document: 0 1 1 1 0 2 1 1 0 2 1 0 2 62 6 3 8 0 2 0 0 1 2 0 0 1 0 3 0 12 0 0 66 0 0 1 1 2 1 0 0 1 10 0 1 162 0 0 5 2
121th document: 1 1 1 0 0 0 0 0 2 1 0 0 1 31 1 0 0 12 0 1 5 78 1 1 0 1 1 0 4 0 1 1 2 0 0 0 3 0 16 5 1 7 0 1 0 0 1 1 0 0
122th document: 2 3 1 216 4 51 3 6 0 1 0 20 1 207 12 4 1 13 3 1 2 130 3 0 6 0 0 0 5 0 7 25 2 2 1 5 0 5 0 0 0 0 7 0 7 5 1 5 2 3
123th document: 0 0 1 2 0 1 0 2 1 0 0 0 11 64 1 3 2 0 0 0 3 0 1 161 4 1 0 4 1 1 0 0 1 4 0 0 0 5 0 0 1 0 51 1 0 1 0 4 16 2
124th document: 1 106 0 0 0 0 3 52 0 0 1 0 0 57 0 0 1 0 0 0 0 29 0 1 1 0 1 3 6 1 0 1 3 1 3 1 3 1 3 0 0 0 7 0 1 1 0 0 3 1
125th document: 4 3 3 0 3 2 2 0 2 2 1 0 1 62 0 0 1 4 4 0 0 114 1 1 3 1 2 1 3 0 0 4 0 0 2 5 14 2 1 0 0 5 1 0 0 89 1 0 0 0
126th document: 5 1 196 0 0 3 0 1 1 0 0 0 1 202 1 4 2 1 1 0 0 0 1 1 0 1 1 2 1 0 2 4 4 0 0 1 1 5 1 0 1 0 56 1 0 0 0 0 8 3
127th document: 0 51 2 7 10 5 0 32 1 0 2 0 1 424 3 3 1 0 1 3 1 0 2 2 3 4 0 437 37 35 0 2 1 3 4 10 0 2 0 1 2 0 9 1 1 1 0 0 3 0
128th document: 0 0 137 1 0 1 0 3 0 0 0 0 21 139 0 0 0 3 1 0 1 11 0 0 1 1 1 0 0 0 0 11 19 2 1 0 0 1 0 0 2 1 3 0 2 0 1 1 8 1
129th document: 1 0 0 0 0 0 0 8 6 1 1 0 0 60 0 0 0 1 2 0 0 2 0 79 0 2 1 0 0 2 0 0 3 6 3 2 0 1 0 0 0 0 3 0 1 0 0 0 0 0
130th document: 2 0 4 0 1 0 0 0 0 2 4 3 11 112 1 0 0 0 2 1 6 2 3 2 1 0 0 1 2 5 226 5 2 0 0 0 0 4 0 0 1 0 3 0 1 1 2 2 1 4
131th document: 2 5 0 1 1 0 2 0 4 0 1 3 5 122 3 11 3 4 2 0 5 16 0 0 1 0 0 0 0 1 0 0 5 26 3 4 0 0 0 5 140 0 14 1 1 0 2 2 1 0
132th document: 0 1 1 0 0 1 2 0 0 0 6 0 0 80 0 0 201 0 0 0 1 3 1 0 0 0 2 2 2 1 4 0 1 24 1 0 1 1 0 1 2 0 15 0 2 1 0 2 2 0
133th document: 0 148 0 0 0 1 2 2 0 0 0 0 3 65 0 2 0 2 0 1 1 3 2 1 1 0 0 0 3 0 0 0 0 27 1 1 4 0 1 9 0 2 7 0 3 0 0 0 3 1
134th document: 0 14 4 3 1 0 2 1 2 0 0 1 2 113 1 0 1 6 1 0 1 2 1 2 0 0 0 0 4 0 6 9 0 22 1 6 0 0 245 0 1 3 0 6 2 0 0 2 0 1
135th document: 0 5 1 0 0 0 1 3 0 1 0 0 2 74 0 1 2 1 0 2 3 0 186 3 0 0 1 3 0 0 1 0 0 19 0 0 0 1 2 4 1 0 3 0 11 0 1 3 66 2
136th document: 1 1 0 0 0 1 0 4 0 3 0 138 2 65 0 0 0 0 2 2 0 0 0 0 0 0 5 3 2 0 0 0 0 1 0 1 0 0 0 3 0 0 0 0 4 0 1 0 2 1
137th document: 13 0 1 2 0 2 0 2 3 1 3 1 7 22 2 3 0 1 0 1 1 0 8 1 0 1 6 0 0 3 5 0 149 3 0 4 0 4 0 1 9 2 59 0 5 0 4 0 1 0
138th document: 0 0 0 3 0 2 0 1 3 1 2 7 0 123 0 6 2 2 0 0 1 0 0 0 1 0 3 0 2 5 3 0 0 33 0 161 1 29 0 3 0 0 2 0 0 0 0 0 0 0
139th document: 0 3 1 0 3 0 1 0 1 2 0 2 0 31 6 1 0 2 0 0 0 18 8 0 2 0 0 0 0 4 0 0 0 6 0 6 1 0 2 0 3 0 1 2 0 20 0 3 0 0
140th document: 0 0 5 4 0 3 0 0 0 0 5 2 0 40 6 1 1 0 1 2 0 23 0 0 0 0 0 1 3 0 1 0 0 0 0 2 1 0 0 0 26 0 0 0 0 0 0 0 0 3
141th document: 1 0 2 2 1 0 2 53 0 1 9 2 1 135 0 0 0 15 0 0 1 6 1 1 0 0 0 2 1 1 2 8 192 0 3 0 1 0 1 1 4 4 0 1 2 1 1 0 25 0
142th document: 0 1 0 0 2 2 5 0 0 2 0 9 0 97 29 7 3 0 0 1 2 5 8 1 1 5 1 0 0 0 1 0 1 0 0 0 2 3 1 0 0 0 0 97 0 0 0 3 0 0
143th document: 4 0 0 8 0 0 1 1 0 1 10 4 2 75 0 4 1 0 1 1 7 1 7 0 2 0 2 4 2 3 0 1 0 6 0 1 2 2 1 0 0 0 1 51 0 5 2 2 1 1
144th document: 0 0 2 2 2 3 1 0 0 1 0 97 2 49 0 0 0 1 1 0 1 3 3 1 2 3 3 0 5 46 4 3 0 5 0 14 0 0 0 2 0 0 0 0 0 0 1 1 0 0
145th document: 0 0 9 1 2 0 0 1 1 3 9 6 0 89 5 1 0 5 1 0 3 1 0 1 1 0 1 0 3 246 0 0 0 1 1 3 4 0 0 3 0 2 0 1 0 0 0 0 2 0
146th document: 2 1 1 0 1 1 0 6 0 0 1 11 0 84 10 1 1 2 0 4 0 0 0 0 0 0 3 1 196 1 1 1 3 0 0 0 1 0 1 0 1 1 10 0 8 0 0 0 0 0
147th document: 2 20 0 11 1 6 7 2 2 0 0 2 0 203 229 4 10 2 2 0 3 2 7 0 1 7 4 0 2 4 1 0 0 0 3 3 1 0 0 0 12 3 3 6 0 7 3 8 3 3
148th document: 11 56 0 0 16 0 1 1 0 1 2 0 3 65 2 2 0 0 0 1 0 2 2 1 9 1 2 0 2 0 27 1 0 1 2 6 1 1 0 1 0 0 28 3 0 1 0 133 1 0
149th document: 75 3 2 2 5 4 1 1 0 3 1 3 0 45 2 2 0 3 0 3 3 1 13 1 1 3 0 0 0 0 7 3 1 0 0 12 0 1 0 1 0 2 0 0 0 1 0 1 3 1
150th document: 0 1 0 1 5 0 0 2 0 0 3 1 0 112 2 0 1 0 0 1 3 0 0 0 0 1 0 0 0 2 0 2 0 0 0 8 2 3 152 0 0 0 0 0 2 0 1 0 5 0
151th document: 0 1 1 24 1 1 1 1 1 0 2 3 0 126 1 0 0 4 1 7 0 50 4 5 0 1 0 0 6 2 1 2 243 1 0 14 3 1 1 0 2 6 1 2 0 3 1 4 1 3
152th document: 0 4 0 0 0 0 0 0 0 1 1 0 1 41 0 0 0 2 0 1 1 4 0 0 0 0 1 0 0 1 0 0 0 2 0 0 1 1 1 1 144 0 5 0 2 0 0 0 1 0
153th document: 1 3 0 0 0 1 3 4 0 0 0 0 0 117 1 0 1 2 1 0 1 9 0 0 1 0 0 2 1 0 1 0 1 2 2 5 0 1 0 0 258 4 13 0 0 1 0 0 0 0
154th document: 0 0 0 0 2 0 0 1 1 0 185 3 2 44 2 1 0 0 1 1 1 2 2 2 1 0 2 0 1 3 0 1 1 6 4 0 0 0 2 0 0 2 21 2 0 1 6 0 0 0
155th document: 0 0 0 0 0 1 1 1 2 1 0 0 1 35 0 0 4 74 0 2 0 2 3 6 0 3 0 0 4 0 0 0 1 0 0 0 1 1 0 1 1 0 1 0 158 0 1 1 1 0
156th document: 0 2 1 0 157 0 0 3 5 2 5 1 0 188 9 2 4 1 5 6 0 0 0 8 3 6 6 3 7 0 2 0 1 1 2 1 3 1 0 0 7 2 11 0 1 0 0 2 14 0
157th document: 0 0 1 8 0 1 0 3 0 0 0 180 0 121 2 0 0 0 0 0 0 0 0 2 2 0 2 0 0 9 0 1 151 0 1 5 0 0 0 0 1 1 1 0 0 0 0 0 1 0
158th document: 3 0 4 1 1 0 0 0 1 1 0 3 2 256 0 7 0 0 4 0 5 0 2 0 3 0 0 530 0 0 1 3 1 1 6 2 1 6 0 0 0 3 1 1 6 4 3 13 7 4
159th document: 0 0 1 0 1 0 2 0 0 147 0 2 1 26 1 3 1 0 0 1 1 3 3 2 0 1 0 1 0 0 1 0 0 0 0 0 0 0 1 1 0 1 3 0 4 0 0 0 0 1
160th document: 1 35 0 0 0 0 1 5 0 1 0 132 1 164 0 1 0 1 0 3 3 84 0 1 1 1 0 1 9 4 0 0 2 0 2 26 0 0 2 2 4 1 2 0 0 1 0 2 5 4
161th document: 0 0 8 0 7 6 0 83 199 0 0 0 10 99 0 0 1 34 2 1 0 2 0 3 0 3 2 3 2 22 0 0 0 5 0 0 2 0 1 0 0 1 2 1 11 2 1 0 0 0
162th document: 0 7 0 6 2 3 0 10 10 0 4 5 1 655 1 1 9 0 0 1 2 1 0 1 0 4 2 0 1 11 3 4 3 1 3 2 3 0 0 5 0 0 13 415 2 0 2 0 1 3
163th document: 2 2 0 1 4 1 1 1 4 0 0 4 1 203 13 3 190 0 5 2 2 0 0 4 1 0 2 1 0 2 1 0 1 1 2 0 7 3 0 2 1 1 2 6 0 1 0 1 4 1
164th document: 0 2 1 7 124 1 1 1 3 0 2 3 0 195 1 1 7 2 3 3 0 1 1 4 0 0 0 0 0 2 0 2 1 7 0 29 2 3 0 2 1 0 6 2 0 2 1 4 1 0
165th document: 0 0 1 0 2 0 0 2 1 0 0 3 12 176 7 7 0 2 0 5 2 0 3 3 0 0 0 3 0 3 1 1 1 0 0 144 9 0 0 1 6 1 9 1 1 3 1 5 2 4
166th document: 5 0 1 0 3 0 0 1 1 0 1 1 0 342 0 1 427 0 0 3 4 2 0 0 0 3 0 0 0 0 1 0 7 0 1 1 0 0 0 0 8 0 18 2 2 1 0 0 2 0
167th document: 1 1 0 12 0 0 0 7 0 0 0 5 1 199 2 0 1 3 1 1 2 6 1 1 0 0 1 2 4 0 1 194 9 0 2 0 0 0 1 2 1 0 53 0 0 0 6 3 0 0
168th document: 1 0 81 0 0 0 0 0 2 0 0 0 15 65 0 0 0 0 0 0 3 5 0 0 0 0 2 0 1 9 0 1 18 0 1 2 2 0 2 0 1 0 0 5 2 0 0 0 2 1
169th document: 0 1 0 0 0 6 2 27 0 0 0 4 0 30 1 0 5 5 1 0 3 18 4 1 2 1 59 0 0 2 1 2 3 1 5 7 4 0 1 0 2 0 1 0 0 4 12 2 14 0
170th document: 0 6 0 0 0 0 0 2 1 3 0 0 0 25 3 0 0 0 0 0 1 0 0 0 0 0 2 0 79 0 0 3 0 0 1 1 0 2 1 0 0 0 0 1 3 0 0 1 0 0
171th document: 0 1 0 0 1 0 0 32 0 0 1 0 2 44 0 2 82 1 0 0 0 4 0 0 2 1 2 0 2 1 0 2 0 0 4 1 2 0 0 0 0 1 0 1 0 0 1 2 8 1
172th document: 0 0 7 1 0 2 0 295 1 1 1 0 3 52 2 0 0 0 0 2 2 8 1 0 1 3 1 1 0 0 0 0 22 0 0 0 7 3 0 1 0 2 0 0 7 0 0 2 13 1
173th document: 0 3 1 0 10 99 0 30 0 0 0 2 0 159 5 1 7 6 0 0 1 7 2 0 0 0 3 2 0 1 6 0 2 0 0 23 0 3 1 1 0 1 5 3 5 3 2 1 1 0
174th document: 0 2 0 0 0 0 0 1 0 0 1 0 0 9 0 0 0 0 3 1 2 0 2 0 3 0 0 1 1 0 0 0 3 1 1 0 1 0 0 0 0 0 2 0 1 0 0 0 66 0
175th document: 0 0 1 0 0 27 0 2 0 0 5 0 0 14 1 0 0 8 0 0 2 54 0 1 1 1 1 3 0 4 0 1 24 2 1 8 7 0 0 8 0 1 0 0 2 2 0 1 0 2
176th document: 2 0 0 1 1 8 0 1 0 0 1 0 0 106 1 0 0 0 0 1 0 1 4 0 1 0 4 0 0 0 223 0 2 64 0 32 1 11 3 0 1 0 61 1 0 5 1 0 0 1
177th document: 0 1 1 1 5 0 2 2 0 0 3 0 1 34 4 0 1 1 1 0 0 1 8 0 2 0 2 0 0 0 21 4 0 1 3 4 0 0 4 1 1 1 1 0 3 0 0 0 0 2
178th document: 0 0 0 0 0 0 0 1 2 0 0 0 0 185 3 0 0 0 0 0 0 2 0 0 1 0 0 0 0 1 1 1 0 0 0 0 0 0 0 0 0 0 397 0 0 0 0 0 0 0
179th document: 2 0 0 2 1 1 1 0 0 0 2 35 2 102 4 0 0 2 0 0 6 7 2 0 1 2 1 0 0 3 0 0 350 0 0 3 1 5 0 1 1 1 1 2 0 0 2 0 1 0
180th document: 1 0 23 0 5 4 1 2 3 1 2 0 4 204 15 1 0 3 0 4 0 223 1 2 4 5 1 1 1 0 0 1 0 2 6 1 5 6 0 2 4 1 1 2 0 1 0 7 10 3
181th document: 0 0 7 0 1 1 0 0 1 0 0 11 0 100 0 4 0 8 2 2 2 141 2 0 0 1 1 1 0 0 0 0 1 0 0 141 6 0 0 0 3 1 0 0 0 1 0 0 0 0
182th document: 0 4 6 1 0 1 0 3 0 2 2 3 1 18 1 7 5 17 0 1 4 182 3 1 0 0 0 7 0 0 0 1 8 1 7 0 0 0 0 0 1 0 0 1 0 9 0 0 2 1
183th document: 0 0 1 0 0 1 2 10 0 0 0 1 2 64 9 2 1 0 1 0 1 0 1 2 1 0 8 0 3 0 1 3 1 8 3 10 65 0 1 0 2 1 5 1 3 0 4 0 29 0
184th document: 0 1 1 1 0 0 1 0 0 0 0 3 0 50 0 0 0 1 0 1 0 53 1 0 0 0 0 0 1 9 5 25 57 1 2 1 0 1 0 0 2 0 1 2 2 0 0 1 1 1
185th document: 0 4 1 1 1 3 4 3 0 0 0 20 0 100 1 2 1 3 1 3 3 35 0 6 77 0 6 3 3 1 7 1 8 2 1 0 1 1 1 1 10 1 7 1 1 0 0 1 0 4
186th document: 0 0 0 1 1 1 1 1 6 0 0 0 22 22 2 0 4 6 1 1 2 0 1 4 2 0 0 1 1 1 0 2 0 0 1 1 0 2 0 0 0 0 0 0 0 3 2 0 1 3
187th document: 0 1 3 0 3 2 2 0 0 0 0 1 0 198 20 0 0 5 3 4 4 5 0 0 1 6 2 3 0 1 2 3 3 0 8 2 3 2 2 5 1 0 1 5 6 2 1 395 1 1
188th document: 0 0 4 0 1 0 2 0 0 2 0 0 2 64 0 0 4 0 1 2 1 180 5 1 1 0 0 4 0 5 1 1 146 29 5 0 0 0 1 1 2 0 0 0 0 1 1 0 1 2
189th document: 2 0 7 0 0 1 0 0 2 3 1 1 6 23 2 2 1 13 2 0 0 26 0 0 0 1 4 0 0 2 0 0 1 0 18 0 0 5 2 0 0 0 0 2 1 0 3 3 5 0
190th document: 11 1 185 1 1 1 1 1 1 3 3 1 0 114 0 9 0 0 0 5 0 3 1 0 2 2 0 3 1 6 0 0 5 0 2 3 1 0 1 2 3 0 11 0 0 1 1 0 0 1
191th document: 0 1 2 0 0 0 0 5 2 0 0 0 134 45 0 0 0 2 1 1 2 2 0 2 0 2 0 1 1 0 1 2 46 1 2 1 6 1 0 1 0 1 30 1 0 0 51 0 4 0
192th document: 1 5 0 1 0 0 1 13 5 0 2 2 3 102 1 0 5 24 2 0 0 95 0 3 0 0 0 1 3 5 1 1 64 1 301 0 0 0 0 1 1 0 0 0 1 3 0 0 5 3
193th document: 2 3 1 1 2 0 0 282 1 2 0 0 3 180 1 4 0 1 1 5 3 1 0 3 2 2 9 2 8 0 4 1 0 47 0 380 1 4 1 0 0 1 1 0 0 0 4 0 2 3
194th document: 0 0 0 0 1 0 1 3 2 0 1 0 212 38 0 0 1 43 0 0 4 0 0 0 0 0 0 1 1 0 0 0 0 54 0 0 0 0 0 0 0 3 0 0 2 0 0 1 0 0
195th document: 1 0 0 1 1 0 3 1 0 0 0 3 0 93 0 1 0 1 0 1 0 62 0 0 0 62 1 2 5 3 0 1 2 0 3 6 2 1 0 1 5 0 2 0 12 0 4 0 0 1
196th document: 1 0 0 1 2 2 1 1 0 1 0 1 23 81 0 0 1 2 0 1 3 44 0 3 6 2 0 5 0 0 1 10 7 0 1 0 0 1 0 0 7 1 9 1 1 0 1 4 0 15
197th document: 0 1 0 1 0 167 2 0 0 0 1 0 0 82 0 5 1 6 0 4 1 0 8 2 0 3 2 0 1 0 1 0 0 0 0 0 1 3 0 1 3 0 4 2 2 0 2 0 8 3
198th document: 1 4 2 13 1 0 1 1 0 3 2 1 1 56 4 0 0 19 0 21 9 32 5 1 6 1 1 2 2 3 4 0 3 12 3 5 3 3 0 0 0 7 243 0 12 2 12 2 1 0
199th document: 4 1 0 6 0 2 2 0 1 1 1 33 1 153 123 0 1 1 2 0 2 14 7 1 2 1 0 1 0 0 1 3 0 0 2 4 3 4 120 1 3 1 0 0 3 1 2 2 4 0
200th document: 1 2 1 1 1 0 1 1 0 0 1 0 9 99 0 2 0 356 1 8 11 11 0 0 0 4 0 2 0 1 1 0 0 0 3 1 0 2 4 6 0 1 4 3 0 1 6 0 3 1
201th document: 1 0 1 0 1 0 2 0 1 0 10 8 4 24 1 1 0 3 4 0 0 49 1 4 2 1 0 0 0 141 0 1 2 1 1 1 0 0 0 0 7 1 1 3 0 0 2 2 3 0
202th document: 0 0 0 0 1 0 4 12 2 0 1 2 235 94 0 4 3 57 1 0 0 65 0 0 1 0 2 4 0 0 1 0 0 2 0 0 0 4 0 1 0 1 2 0 1 2 0 0 0 0
203th document: 1 0 2 0 3 0 1 1 0 0 0 1 3 174 0 3 86 1 0 2 0 1 4 266 1 0 1 2 5 2 0 9 0 1 2 2 7 0 2 2 0 1 39 0 0 0 0 7 6 4
204th document: 0 0 0 3 0 2 2 3 1 0 37 0 0 32 4 3 0 0 1 0 1 40 5 0 3 0 0 3 1 0 22 0 1 0 1 2 1 2 0 3 2 8 3 0 0 1 8 0 0 1
205th document: 0 3 0 0 1 2 2 17 1 1 5 0 3 216 36 7 2 10 0 1 0 0 6 0 2 0 1 3 18 0 2 7 0 1 3 15 0 13 0 0 4 8 0 1 2 103 0 1 0 0
206th document: 0 2 1 1 0 3 4 0 1 0 0 3 0 264 113 1 1 0 0 0 0 0 0 1 2 0 3 188 3 0 3 1 6 0 3 0 0 0 0 0 1 1 0 0 0 0 0 0 0 1
207th document: 0 3 2 21 1 2 0 0 5 6 1 2 3 44 0 0 1 0 0 0 0 3 0 0 1 1 0 0 0 4 0 2 65 1 0 11 2 1 0 1 0 0 1 0 1 0 2 0 0 3
208th document: 0 0 0 2 0 0 0 0 0 0 0 0 0 133 2 1 0 0 0 0 1 5 0 0 0 0 2 0 1 2 1 2 1 1 0 0 8 0 2 1 2 0 3 2 0 108 0 0 0 6
209th document: 0 0 1 0 0 1 0 2 0 0 0 1 5 69 0 1 2 55 1 4 1 17 3 0 170 0 0 1 1 0 1 4 0 0 5 1 11 1 0 3 1 8 1 0 2 10 1 0 0 0
210th document: 1 8 1 0 1 0 0 0 1 0 0 0 4 45 0 1 2 5 0 2 0 1 1 1 0 2 0 0 0 0 0 1 1 0 0 0 0 0 0 1 166 2 6 2 6 0 0 0 2 0
211th document: 1 3 10 1 0 0 5 0 1 0 0 0 9 12 0 0 3 1 0 0 1 4 13 3 2 0 4 0 0 0 0 6 6 0 1 1 0 0 1 1 0 0 5 0 7 1 12 1 0 0
212th document: 0 4 2 1 1 1 0 13 1 0 0 0 5 22 3 0 2 75 3 0 0 84 0 0 2 1 0 0 2 0 0 3 0 1 0 6 0 0 0 1 1 165 5 0 0 1 0 0 1 3
213th document: 3 13 2 2 1 2 0 3 2 2 240 0 0 61 0 1 2 7 5 0 2 2 0 2 1 0 0 2 0 0 1 1 5 1 1 0 0 2 0 2 1 0 46 0 1 0 2 1 1 1
214th document: 0 2 3 6 3 2 2 19 0 0 0 1 0 77 1 1 1 110 2 2 4 26 0 0 1 0 0 0 0 2 3 4 9 1 5 13 0 0 5 3 1 8 5 0 3 0 1 0 1 4
215th document: 0 4 0 0 0 1 1 3 0 0 0 2 1 11 0 2 0 20 1 1 0 130 0 0 0 0 0 0 3 2 0 0 0 0 1 0 0 0 0 0 0 3 0 0 4 4 3 0 1 2
216th document: 6 0 0 0 1 0 0 3 1 0 0 0 15 14 0 9 1 2 3 0 0 0 3 4 0 2 0 3 0 0 0 1 0 1 0 0 0 0 1 0 1 0 13 0 0 0 4 1 0 28
217th document: 0 0 5 4 0 2 11 0 2 0 1 3 0 31 0 0 0 0 0 0 0 16 0 0 2 0 0 0 0 0 1 1 2 1 1 4 0 1 0 0 0 2 0 0 1 0 1 1 0 0
218th document: 0 1 0 0 0 0 0 0 0 0 0 0 194 41 0 3 1 42 1 1 0 4 0 2 0 0 1 0 1 1 0 1 1 3 0 0 0 1 0 0 0 1 0 0 0 0 1 0 0 0
219th document: 1 12 0 3 0 1 1 0 0 46 0 0 0 63 1 1 1 1 0 0 0 42 0 4 0 2 1 0 5 0 0 2 5 1 3 3 3 4 0 0 0 2 12 1 0 1 2 1 0 1
220th document: 1 1 0 1 0 2 1 3 0 0 11 0 0 85 0 0 17 0 0 0 3 14 0 1 0 1 0 0 9 0 0 50 55 2 0 18 0 0 1 0 1 2 2 1 0 2 5 1 0 1
221th document: 0 0 1 7 0 0 3 0 4 2 0 23 0 105 2 1 3 0 0 2 0 15 6 0 1 2 1 1 2 200 0 0 0 0 2 1 3 1 1 1 1 2 0 0 0 4 1 3 0 8
222th document: 1 0 11 5 7 11 0 8 1 0 1 0 10 108 3 8 0 2 0 2 0 436 0 0 3 1 0 9 0 6 4 0 20 0 0 5 0 37 1 0 5 2 7 11 5 0 9 2 6 0
223th document: 1 0 0 0 0 0 0 164 0 1 0 1 4 29 0 2 11 12 1 0 3 15 0 2 3 1 0 1 1 3 3 1 1 1 0 1 0 0 177 0 1 5 0 0 1 1 1 0 2 0
224th document: 2 67 0 4 1 2 0 1 0 0 0 3 1 75 0 0 4 0 2 2 0 10 0 0 0 0 4 0 5 2 1 2 0 5 0 1 1 0 0 1 0 1 7 0 1 0 4 3 2 0
225th document: 6 0 5 0 0 0 2 0 0 0 0 4 41 300 0 1 6 7 1 0 3 0 2 4 0 3 0 0 0 1 0 0 2 0 3 1 494 3 0 1 1 0 0 3 5 2 2 5 7 0
226th document: 0 0 0 7 0 1 0 5 3 3 0 1 0 77 0 0 2 4 0 0 0 46 1 0 0 1 1 1 0 2 1 1 7 0 2 27 2 1 0 4 0 1 6 0 222 1 3 0 1 4
227th document: 2 1 0 0 0 0 3 2 2 3 0 7 10 64 1 0 0 4 0 5 3 268 0 0 0 0 1 8 0 1 20 3 13 0 8 0 0 4 0 2 2 3 10 2 2 0 2 1 16 1
228th document: 1 0 1 4 0 0 0 0 0 0 0 9 1 141 2 1 2 1 1 1 193 7 0 2 1 1 0 0 1 0 1 0 5 0 1 0 0 6 0 1 0 0 1 1 0 2 3 0 1 1
229th document: 0 115 0 0 0 0 0 3 0 0 0 0 1 24 3 1 1 0 1 0 0 1 0 0 1 1 0 2 20 2 1 0 1 6 0 0 0 0 0 1 2 0 1 0 0 0 1 0 4 4
230th document: 0 0 1 471 0 0 0 1 0 0 0 1 1 260 0 0 0 0 0 1 0 1 1 0 0 1 1 1 0 0 1 0 0 1 0 4 0 0 0 1 1 0 0 0 0 1 0 0 0 0
231th document: 4 1 7 0 0 0 203 0 3 2 0 0 9 68 0 2 1 0 1 4 0 1 0 0 0 0 0 0 0 1 1 0 0 0 0 0 0 0 2 0 3 1 0 1 3 2 0 1 1 0
232th document: 1 0 0 392 0 0 0 1 1 2 0 2 0 177 1 0 0 0 1 0 1 2 0 0 0 0 0 2 0 8 0 0 0 0 0 6 0 1 0 0 0 1 0 0 0 0 0 0 0 0
233th document: 0 0 0 3 0 0 2 1 2 0 0 4 1 225 0 640 1 0 1 0 0 1 1 2 1 1 0 2 0 1 0 0 1 0 3 2 0 0 0 5 1 0 44 0 0 1 0 0 1 0
234th document: 2 0 0 6 0 0 65 0 2 0 2 4 0 73 0 0 3 3 0 1 0 107 0 1 5 1 0 0 1 0 4 1 3 5 1 1 1 1 0 2 1 1 7 0 0 1 0 0 0 0
235th document: 3 2 0 1 0 0 0 2 0 0 2 0 1 32 0 0 2 2 0 3 0 1 42 0 2 0 0 1 2 0 0 0 1 1 2 0 0 0 2 2 1 0 1 2 2 0 0 1 2 0
236th document: 7 0 0 0 0 4 0 0 7 0 2 21 1 83 0 2 1 3 0 1 8 23 0 36 0 2 0 4 1 3 0 2 8 0 2 41 0 1 0 3 0 0 0 1 0 1 0 1 0 3
237th document: 0 0 1 0 0 0 1 0 0 7 3 2 0 204 1 1 0 0 5 3 2 6 0 0 1 2 1 4 0 179 0 0 9 0 8 0 2 0 1 1 15 0 1 0 34 10 1 1 3 1
238th document: 0 0 0 1 0 1 0 0 1 2 0 204 0 84 2 0 2 0 0 1 0 4 0 3 2 0 0 0 0 0 0 0 1 3 3 2 0 0 0 4 1 0 0 4 0 1 0 0 2 1
239th document: 9 2 1 2 4 4 3 0 0 1 1 0 3 3 2 1 1 4 0 0 2 156 2 0 0 0 1 0 0 0 0 0 1 1 1 0 1 0 1 2 0 0 2 4 4 1 4 0 5 2
240th document: 0 0 176 1 1 4 2 0 2 1 0 0 3 67 0 0 8 1 0 2 1 0 1 0 0 0 3 0 5 0 1 1 2 1 1 3 2 0 0 3 1 5 37 1 0 1 1 1 0 3
241th document: 1 1 0 403 0 0 0 1 0 2 0 1 2 158 0 1 1 0 0 0 0 0 0 0 0 0 1 1 0 3 0 0 1 0 0 3 0 0 0 0 0 0 0 0 0 0 0 0 0 0
242th document: 0 0 0 0 0 0 0 38 1 0 1 0 1 217 0 0 2 3 0 0 283 0 1 0 1 1 1 1 3 1 0 0 2 0 0 56 0 2 0 0 0 4 0 1 1 0 5 1 0 0
243th document: 0 2 0 0 0 3 2 0 0 2 1 5 0 95 3 1 0 0 0 1 7 0 1 0 0 2 0 6 2 3 0 2 9 24 2 0 0 1 1 0 3 0 7 0 0 0 9 0 4 49
244th document: 0 2 0 0 1 0 0 1 0 1 0 0 0 11 0 0 2 1 0 2 0 0 3 0 2 1 1 1 1 0 1 0 1 0 0 0 1 0 0 4 3 2 1 1 0 34 3 3 0 0
245th document: 0 0 1 1 1 0 1 0 4 1 0 0 0 35 1 0 0 0 0 0 0 3 0 2 1 9 1 1 1 0 1 0 0 0 1 0 5 0 2 3 3 0 28 1 0 2 0 0 1 1
246th document: 0 1 1 0 3 3 1 2 2 2 3 0 0 467 5 0 2 0 3 1 0 2 4 0 0 0 0 0 1 2 1 0 1 4 0 514 0 0 1 1 0 2 0 0 0 2 2 2 0 2
247th document: 2 0 0 1 0 1 1 0 1 5 0 1 2 74 0 0 0 0 1 2 0 0 1 1 0 0 5 0 2 2 0 3 0 0 0 2 4 303 4 2 2 7 5 0 0 0 5 0 6 0
248th document: 0 1 379 0 2 0 0 3 0 1 1 4 2 161 0 2 1 0 0 3 0 3 1 2 1 0 1 0 0 0 0 0 1 1 1 0 0 0 0 0 1 0 151 0 2 0 0 0 0 0
249th document: 3 0 2 1 0 0 1 0 2 0 0 0 2 48 0 0 0 1 2 3 1 78 0 0 0 0 5 1 3 1 0 1 161 0 1 0 3 5 0 1 2 5 8 1 1 1 35 0 0 0
250th document: 2 1 0 65 1 1 0 0 0 1 1 3 3 27 0 3 1 1 0 1 0 33 2 1 0 0 0 1 1 1 2 2 17 0 0 1 0 1 0 6 1 1 3 0 1 1 0 0 1 2
251th document: 0 1 9 3 1 0 0 2 2 0 1 4 115 151 1 0 12 14 0 4 0 231 0 0 2 16 0 1 4 1 0 1 7 1 0 2 1 3 0 0 0 0 1 0 0 0 0 0 1 1
252th document: 0 1 0 4 0 0 0 1 1 2 4 0 0 125 1 1 1 0 0 0 0 9 0 0 0 1 1 2 0 217 0 2 0 1 2 0 1 1 1 0 1 4 0 0 83 0 3 1 0 1
253th document: 2 0 0 1 8 0 6 0 1 0 2 0 3 0 1 1 7 0 0 0 2 3 1 0 2 2 0 1 0 0 1 0 1 0 0 0 0 1 1 6 0 0 0 1 6 0 3 2 2 1
254th document: 0 1 0 0 0 58 2 2 0 1 1 0 2 23 2 0 4 5 0 0 0 7 1 0 1 0 0 0 2 1 0 0 0 0 1 0 1 0 0 0 1 0 1 0 2 0 0 0 1 2
255th document: 0 1 2 4 1 1 0 10 0 1 0 1 0 526 1 1 10 42 4 0 0 175 0 2 1 0 0 1 0 1 1 1 7 0 7 13 0 984 0 1 4 0 4 0 1 4 4 1 2 0
256th document: 1 0 1 462 0 0 0 0 0 0 1 1 1 252 2 0 0 0 0 0 0 3 0 0 0 0 0 0 0 0 1 0 3 0 0 9 0 1 0 0 0 0 0 0 0 0 0 1 1 0
257th document: 0 0 0 4 1 0 2 0 0 0 5 3 1 184 0 1 263 3 1 3 0 1 2 0 9 0 0 1 2 4 0 0 1 0 2 4 6 1 4 2 0 0 0 0 0 1 3 0 3 0
258th document: 0 0 0 1 0 3 3 0 1 0 0 1 0 228 1 8 0 0 0 7 0 52 1 0 0 1 1 1 4 0 2 1 1 174 4 68 1 0 1 1 0 0 1 6 4 1 1 0 0 0
259th document: 0 16 3 0 2 1 1 0 0 0 1 1 0 89 1 1 1 15 3 2 3 88 3 0 2 1 0 2 0 11 2 0 43 37 2 2 0 3 4 0 9 5 175 0 10 1 3 0 1 0
260th document: 1 203 0 0 2 1 0 0 0 2 2 0 0 22 0 0 0 0 1 2 0 0 1 2 0 1 0 0 1 1 3 3 0 0 0 0 0 3 0 0 1 0 44 0 0 0 0 0 0 1
261th document: 7 1 0 1 3 1 0 0 8 0 12 1 4 94 2 0 5 0 1 2 0 0 0 0 0 1 1 4 0 0 4 0 9 125 0 0 5 1 1 5 1 1 1 3 4 6 1 1 4 0
262th document: 1 0 4 0 4 1 0 0 0 0 1 2 0 27 0 3 4 0 1 0 0 4 35 0 5 0 0 3 4 0 1 0 0 0 0 0 0 0 3 1 0 0 2 0 0 6 0 1 2 1
263th document: 375 30 1 1 5 0 3 0 0 4 0 0 0 212 19 0 1 0 0 0 3 1 6 0 0 2 4 1 6 3 1 2 0 0 1 0 1 0 1 0 0 2 0 2 4 0 0 4 1 1
264th document: 0 0 0 0 3 5 2 10 9 0 0 1 1 242 0 0 5 3 2 1 0 8 1 2 2 3 2 0 0 15 0 0 4 0 0 0 1 0 0 0 0 0 0 0 474 0 18 0 3 3
265th document: 1 2 2 0 0 1 0 0 1 0 0 3 0 18 0 0 1 0 2 1 0 6 0 0 0 1 1 0 0 0 0 0 0 0 0 0 1 1 2 4 2 0 5 2 1 59 0 0 0 0
266th document: 1 0 4 0 1 1 0 6 1 4 30 5 0 136 3 0 3 1 0 3 2 7 1 59 0 7 0 1 14 0 4 1 2 0 2 7 0 0 2 1 54 2 1 0 4 0 0 3 7 0
267th document: 0 0 1 1 2 2 1 0 0 0 1 2 0 65 1 2 2 0 0 0 0 0 88 0 1 0 0 2 0 1 3 0 0 0 0 0 3 0 0 1 0 0 3 2 5 2 2 2 2 0
268th document: 1 0 0 0 0 0 0 0 0 0 2 1 8 43 0 2 0 0 0 5 0 74 0 0 1 1 0 0 0 1 3 0 28 5 1 59 4 3 2 0 0 4 3 0 0 1 0 0 3 0
269th document: 2 9 0 1 0 0 0 0 0 0 0 0 0 27 0 0 0 1 0 1 0 68 2 0 1 0 0 0 2 0 1 2 1 3 0 1 0 0 0 1 0 1 7 3 4 0 0 2 1 49
270th document: 1 0 1 0 6 5 0 0 1 1 4 0 15 31 0 0 7 1 0 1 0 33 1 1 0 0 0 1 0 0 3 0 0 0 0 1 0 0 1 2 0 0 0 0 5 1 0 0 4 0
271th document: 3 14 0 3 1 2 0 0 1 262 1 5 1 397 23 12 9 0 2 0 1 2 2 0 3 2 3 7 0 0 0 1 0 1 0 5 0 1 2 1 1 6 5 5 4 1 0 2 0 0
272th document: 0 0 13 3 1 0 0 1 2 0 0 4 0 111 10 3 0 1 1 0 0 5 1 40 0 4 1 0 2 3 2 0 6 0 1 3 0 0 0 0 3 3 0 1 14 8 0 0 4 1
273th document: 2 0 1 1 4 1 4 29 4 0 0 2 3 70 6 2 2 9 0 0 0 24 1 1 1 4 0 1 0 3 1 0 15 0 1 1 3 5 2 0 0 4 0 1 0 2 0 0 3 0
274th document: 3 1 12 2 6 1 0 0 8 2 2 57 1 160 111 2 1 1 0 2 0 0 25 0 0 0 2 8 3 2 4 2 0 0 1 2 2 0 6 1 4 1 10 3 0 0 1 7 3 4
275th document: 2 0 2 0 0 0 3 1 1 0 1 3 0 24 0 0 0 0 12 0 0 78 0 1 0 1 1 2 1 5 1 2 5 3 8 0 8 1 1 3 1 5 0 3 4 1 0 1 3 1
276th document: 0 2 1 0 2 0 0 152 0 1 0 0 0 14 1 0 2 1 2 2 0 13 7 0 1 3 0 0 2 0 0 0 1 12 1 0 1 0 0 0 1 0 1 0 8 0 0 2 1 3
277th document: 0 1 0 1 0 2 0 0 24 2 2 0 0 42 4 0 0 3 1 0 4 1 0 0 3 3 1 0 1 68 1 2 1 1 1 0 0 1 0 0 1 3 0 6 4 0 0 1 0 4
278th document: 0 4 0 0 1 2 0 167 0 0 0 0 0 8 1 3 2 0 0 3 0 1 1 1 0 0 1 0 1 1 0 1 2 0 1 3 3 7 11 0 0 1 1 0 0 3 16 0 1 0
279th document: 0 1 0 0 7 3 1 2 0 1 0 6 0 36 0 0 0 0 1 0 0 26 1 0 1 1 1 0 3 0 1 1 0 1 1 1 0 0 5 0 1 2 0 0 1 0 0 1 1 0
280th document: 0 1 3 0 0 0 1 3 0 0 0 0 3 59 0 0 142 0 1 3 0 4 1 0 0 0 0 1 1 0 0 0 0 0 0 0 0 0 0 1 1 2 22 0 1 0 0 0 0 1
281th document: 0 13 0 2 0 5 1 0 0 1 1 9 0 55 1 0 0 1 0 0 0 24 0 0 0 1 0 0 0 28 1 0 4 5 0 8 1 0 0 0 0 0 0 0 0 0 0 1 0 1
282th document: 313 4 1 6 2 0 0 3 2 2 0 3 9 134 2 1 0 10 0 0 0 58 0 4 1 0 2 1 0 29 1 2 4 3 0 2 1 0 0 1 5 4 8 2 5 0 0 0 1 0
283th document: 9 0 2 1 2 2 0 1 1 0 1 6 4 71 0 1 3 1 1 2 1 11 0 0 0 0 0 0 1 1 0 1 40 439 0 33 0 7 1 2 1 0 12 0 0 1 3 1 0 0
284th document: 0 1 0 0 0 0 0 0 0 0 2 0 0 42 0 0 0 1 0 0 0 4 0 0 0 0 0 0 0 0 0 0 0 0 301 0 0 0 0 0 0 1 1 1 2 0 0 1 1 0
285th document: 1 0 4 1 0 1 2 2 4 0 1 0 1 374 3 0 0 0 0 1 1 25 0 0 1 0 0 0 0 0 2 2 3 0 0 521 0 1 0 0 0 0 0 3 0 2 3 0 2 1
286th document: 0 3 1 0 4 1 1 0 0 0 1 4 0 295 3 0 0 1 1 0 1 1 4 0 1 0 422 3 0 1 4 1 144 2 2 0 1 1 0 0 0 0 103 1 1 0 0 0 0 3
287th document: 4 0 1 1 289 1 4 1 0 0 0 0 3 143 0 1 1 1 0 0 3 0 0 1 0 4 0 0 1 2 0 0 0 0 0 0 2 2 0 1 3 2 1 2 2 2 0 0 3 1
288th document: 4 89 0 0 0 0 1 0 0 0 1 0 0 8 0 0 0 0 0 0 0 0 0 0 0 1 0 0 0 0 2 0 2 0 0 1 0 0 0 1 0 0 19 0 0 0 0 0 0 3
289th document: 3 15 4 1 0 2 1 3 0 0 0 0 0 42 0 0 0 1 4 0 1 79 1 0 1 1 0 1 1 2 0 2 9 0 0 2 0 1 0 0 2 5 12 1 2 1 0 1 0 75
290th document: 0 1 0 1 0 0 6 0 0 14 3 0 0 31 0 0 0 0 4 0 0 1 9 0 0 0 3 0 0 0 0 1 1 0 2 0 1 1 1 0 3 1 10 3 5 1 2 1 0 1
291th document: 0 16 2 0 0 0 0 5 2 0 3 0 1 29 0 8 0 0 3 2 0 75 0 0 0 0 0 0 2 0 0 1 0 0 0 1 0 0 0 2 0 2 16 0 2 1 1 1 0 65
292th document: 3 2 0 8 5 0 0 0 1 0 1 0 0 76 1 94 0 3 0 0 2 1 16 2 0 3 0 0 0 0 4 1 1 1 1 1 1 0 0 0 1 1 0 1 2 0 1 0 1 0
293th document: 0 2 0 3 0 1 1 15 0 0 0 1 0 40 8 1 0 6 3 1 0 3 2 1 0 0 0 0 0 5 0 6 0 1 1 0 97 0 0 0 7 3 3 0 21 3 1 0 4 3
294th document: 0 0 0 0 0 0 1 2 0 1 0 0 1 15 0 0 2 5 2 0 0 29 7 1 1 0 0 1 1 3 1 0 0 0 0 1 1 5 0 0 1 3 2 0 0 0 0 0 0 1
295th document: 22 11 1 0 1 1 2 6 0 3 0 1 1 59 0 3 3 0 9 1 2 0 0 2 0 1 0 1 1 1 1 3 0 0 1 0 1 0 0 2 0 0 0 4 0 1 2 6 3 2
296th document: 5 0 0 0 0 0 1 10 1 1 1 0 3 46 0 0 15 0 1 1 0 3 0 1 2 0 0 0 1 1 2 0 0 0 5 0 49 3 0 0 0 2 93 1 2 0 0 0 4 1
297th document: 2 0 2 0 1 2 6 10 5 4 2 0 1 2 3 3 4 962 2 6 1 16 3 0 0 0 1 1 1 0 1 0 1 0 1 3 1 1 0 6 8 0 9 1 61 2 3 0 2 0
298th document: 0 13 0 0 0 0 0 2 0 0 0 0 1 16 0 1 6 1 0 0 0 43 1 1 2 1 0 1 0 2 0 0 0 1 0 1 2 0 2 1 0 1 0 0 1 1 0 1 4 34
299th document: 2 2 0 0 2 1 0 24 7 0 0 0 1 47 1 2 9 7 3 9 0 11 1 0 4 0 1 0 1 1 0 6 71 0 0 0 0 0 0 0 3 4 1 0 0 1 3 9 1 7
300th document: 0 0 0 0 0 0 1 2 1 1 0 0 0 122 0 0 11 1 0 0 57 4 0 4 7 0 0 4 0 3 3 0 0 0 0 1 0 5 0 3 2 1 7 6 0 4 4 0 0 3
301th document: 1 5 5 562 2 1 1 13 1 0 71 4 7 190 0 3 7 5 3 2 0 40 5 0 0 1 22 3 0 0 2 1 4 0 12 6 1 5 0 6 0 1 2 0 6 3 5 2 7 0
302th document: 0 0 1 0 1 2 0 8 2 1 0 11 0 43 0 0 3 0 0 0 4 1 0 0 0 0 0 1 1 2 0 2 101 2 1 2 0 0 1 0 2 1 0 3 0 0 1 1 2 5
303th document: 0 0 1 0 0 0 0 2 0 0 1 0 2 44 0 0 3 0 0 1 0 0 0 0 0 0 0 0 0 2 0 0 0 0 358 0 0 0 0 0 0 1 0 0 1 0 1 0 3 0
304th document: 0 0 2 0 1 0 2 1 0 2 0 1 0 363 4 0 1 1 0 1 0 28 0 2 531 0 0 0 0 0 1 0 1 1 0 1 0 5 0 0 0 1 0 0 0 0 0 0 0 0
305th document: 0 0 0 2 0 1 1 0 0 0 4 2 142 89 1 1 2 0 1 0 5 47 0 1 0 0 1 2 1 1 1 0 1 1 0 0 0 0 0 0 0 0 3 3 0 0 2 0 1 0
306th document: 0 0 0 2 0 1 0 0 0 0 0 0 1 197 1 0 0 1 0 0 0 0 0 0 277 0 0 0 0 0 1 0 0 0 0 0 0 2 0 0 2 0 0 1 1 0 0 0 0 0
307th document: 1 0 2 2 3 18 0 15 2 0 0 1 1 115 8 0 0 36 87 0 0 32 2 1 2 0 1 1 0 0 1 0 0 0 3 1 0 1 0 0 2 3 0 8 0 0 1 0 0 0
308th document: 0 0 1 2 3 0 4 1 0 0 1 85 0 78 2 1 0 0 0 1 13 1 0 0 1 0 0 0 0 0 0 2 30 0 0 41 0 0 1 0 1 0 8 1 0 0 0 0 6 1
309th document: 1 0 1 0 0 2 0 1 0 376 0 0 2 78 2 0 1 0 0 0 0 9 0 0 0 3 0 0 0 1 2 1 0 0 3 1 6 0 0 1 0 1 5 0 4 1 1 1 0 0
310th document: 0 54 0 17 0 13 1 1 3 1 0 4 0 182 0 2 2 3 1 0 0 33 1 1 0 0 6 3 0 133 1 2 0 1 0 2 0 0 0 0 11 0 1 0 1 11 2 1 1 3
311th document: 0 0 0 0 0 0 0 0 0 0 0 0 1 0 0 0 0 0 0 0 0 0 0 0 0 0 0 0 0 0 1 0 0 0 0 0 0 0 0 1 1 0 0 0 0 0 3 0 0 0
312th document: 0 1 2 0 4 4 0 0 0 0 2 184 2 68 0 0 0 0 1 2 0 2 0 1 2 0 0 1 0 1 3 1 0 1 1 1 3 1 1 0 0 0 2 1 0 0 0 0 0 1
313th document: 0 0 5 0 2 0 1 0 0 0 3 1 0 249 34 0 1 2 2 0 9 3 0 8 2 4 6 1 0 0 0 265 27 1 0 16 0 1 0 0 2 1 0 0 1 0 1 0 2 4
314th document: 1 0 4 7 1 1 1 1 1 2 1 19 0 80 0 2 0 0 0 1 3 5 0 1 0 0 0 0 0 2 3 17 4 3 0 1 6 1 1 0 0 2 0 9 2 1 0 0 1 2
315th document: 0 0 0 0 0 0 1 3 0 0 0 1 0 128 0 2 1 0 1 0 0 0 0 0 1 0 0 0 0 1 163 0 0 18 1 0 0 0 0 0 0 0 8 0 1 0 0 0 0 0
316th document: 0 8 3 0 0 2 1 5 0 1 0 0 2 162 21 0 1 3 2 1 0 2 260 1 1 0 3 0 2 0 0 1 0 0 0 3 2 0 0 0 2 0 0 0 14 3 0 0 2 0
317th document: 0 0 0 1 2 0 23 0 1 1 0 0 3 184 1 0 20 1 2 5 0 1 0 0 0 0 1 0 2 2 0 0 2 3 0 1 0 0 2 2 0 0 0 1 1 165 1 0 16 2
318th document: 0 1 0 0 1 0 0 0 0 1 1 5 0 360 0 0 0 1 0 0 4 0 3 1 0 0 2 4 4 1 340 1 10 1 2 0 0 2 0 0 0 3 39 0 0 0 1 0 3 1
319th document: 2 0 1 1 3 0 1 5 0 0 3 3 0 125 3 3 6 1 0 2 1 30 0 7 0 7 6 2 3 3 1 0 0 0 1 90 1 1 2 0 185 1 2 3 1 2 1 2 4 2
320th document: 3 4 5 1 1 0 1 4 8 5 1 4 2 197 0 5 3 1 2 4 9 0 0 9 2 4 965 1 0 0 7 0 2 1 1 5 2 10 1 3 2 1 43 2 0 0 2 0 5 2
321th document: 0 1 1 1 0 0 0 2 3 0 4 4 2 56 1 4 1 0 1 0 1 0 0 2 0 0 0 0 0 149 2 1 1 1 0 4 2 0 2 1 0 5 2 0 1 0 3 4 6 0
322th document: 0 29 0 0 0 1 0 3 0 0 4 161 1 119 2 0 1 0 2 2 2 1 3 0 0 4 0 1 1 1 0 2 1 0 0 1 0 8 0 0 3 0 1 1 0 0 1 1 0 0
323th document: 0 2 0 1 1 2 1 6 0 0 0 1 4 64 1 3 0 93 4 0 0 43 0 0 1 1 0 4 0 3 1 1 11 1 0 1 0 0 0 1 2 8 5 2 0 0 0 0 0 2
324th document: 2 2 0 0 1 0 0 3 0 0 1 0 4 68 3 3 1 2 1 349 1 56 4 0 1 0 1 2 0 1 0 0 9 5 3 0 8 0 0 1 5 1 48 1 2 0 2 0 3 0
325th document: 0 0 0 0 0 0 135 0 0 0 0 0 1 23 3 1 0 20 1 19 2 57 0 2 0 0 5 0 0 1 0 0 0 0 4 0 1 3 0 0 5 2 0 0 1 0 1 0 3 0
326th document: 0 0 0 4 2 0 0 6 0 1 1 141 1 93 1 1 0 0 0 0 0 5 0 3 1 0 1 1 0 2 3 0 52 2 1 1 0 0 0 1 0 4 4 2 1 0 0 1 1 0
327th document: 5 0 2 0 0 0 3 8 4 1 1 0 1 220 0 0 1 2 0 0 0 40 5 1 1 3 2 1 3 5 5 5 178 0 3 2 1 4 3 17 0 8 2 0 2 0 2 1 2 2
328th document: 1 0 0 0 0 0 0 0 1 0 1 0 4 59 1 0 1 5 1 0 1 6 0 1 0 0 0 0 1 0 0 0 0 0 6 0 0 0 1 565 4 1 2 1 0 1 0 1 0 0
329th document: 0 2 0 4 1 4 0 2 0 0 2 3 1 34 1 2 6 82 0 0 0 53 2 1 3 0 0 0 1 2 0 1 6 2 0 1 1 1 0 0 1 66 2 5 10 0 2 2 1 0
330th document: 2 2 1 1 2 0 0 22 0 0 2 1 0 34 1 1 0 147 5 5 0 28 0 0 0 2 0 1 1 0 0 3 2 11 2 0 0 3 0 0 0 39 2 0 2 0 1 1 0 9
331th document: 0 1 6 1 3 2 0 0 1 1 0 10 3 348 5 0 0 9 1 1 269 0 1 0 1 1 0 0 0 4 3 3 13 2 0 4 3 3 0 0 1 3 4 2 3 0 0 0 0 0
332th document: 3 2 0 0 0 4 1 6 1 0 2 0 0 211 462 0 0 2 0 0 0 2 1 1 4 3 0 1 4 2 3 2 1 0 5 7 1 0 4 2 1 1 1 1 2 1 3 1 0 0
333th document: 0 3 0 0 0 4 40 3 1 0 0 2 2 29 0 1 0 2 5 3 2 14 3 1 1 0 0 0 0 0 1 2 16 0 0 1 1 0 0 1 1 1 0 0 1 0 3 0 2 5
334th document: 3 5 0 0 3 2 5 0 0 2 1 0 0 20 0 0 0 0 0 1 0 3 71 3 1 2 2 4 0 0 1 0 0 1 0 1 1 0 2 1 0 0 5 0 2 1 0 3 1 0
335th document: 0 17 2 0 2 0 1 23 0 0 0 0 18 70 1 2 135 2 2 1 0 48 7 0 7 0 2 0 3 0 3 2 1 3 0 1 1 2 0 0 1 0 17 2 7 1 3 1 0 0
336th document: 4 5 1 0 0 3 0 0 0 0 0 54 1 30 0 0 0 0 0 0 1 3 0 0 0 0 0 3 0 2 0 0 0 1 1 1 0 3 0 0 0 0 0 1 0 2 1 0 0 2
337th document: 0 0 1 4 3 2 3 1 2 1 6 0 1 83 2 9 2 0 6 1 1 8 1 1 1 0 1 0 0 4 0 4 5 159 0 37 1 1 0 1 0 0 0 0 1 0 4 4 0 0
338th document: 0 11 2 1 83 0 1 0 0 0 1 10 0 171 6 0 0 0 1 0 0 2 0 1 3 3 5 1 3 1 2 0 1 3 1 6 4 3 0 1 3 0 0 0 0 1 3 3 1 1
339th document: 1 4 0 4 1 0 0 1 0 4 2 18 1 84 0 0 0 0 0 1 0 1 2 1 1 0 0 4 0 4 2 3 0 0 1 1 0 0 1 2 1 1 27 5 5 1 174 2 6 0
340th document: 0 4 0 1 3 2 1 0 3 1 1 2 0 98 2 0 6 12 1 3 0 71 5 0 102 2 2 1 1 0 1 1 2 22 1 0 0 2 0 2 0 0 15 2 2 0 0 2 0 0
341th document: 1 1 3 0 3 1 0 0 0 2 0 6 0 108 5 0 3 0 1 3 5 5 0 0 4 0 3 8 0 4 4 4 4 3 2 3 2 118 1 0 5 7 10 1 0 1 3 9 0 0
342th document: 0 0 0 4 0 1 1 23 6 1 11 0 0 94 5 3 0 0 1 1 2 0 1 2 0 0 0 3 0 3 1 2 0 1 2 0 6 0 0 135 5 0 1 0 2 0 2 2 81 1
343th document: 53 2 0 1 0 0 0 6 3 0 0 0 5 13 2 0 1 0 0 5 0 5 0 3 2 3 1 1 0 2 4 1 0 0 3 2 1 0 0 4 2 1 0 2 8 0 0 1 1 0
344th document: 4 0 0 4 0 0 2 0 0 0 0 2 0 28 1 0 0 0 0 1 0 74 2 0 1 0 2 0 0 13 1 0 6 0 0 0 0 1 1 2 1 1 0 2 0 3 0 1 1 5
345th document: 2 25 2 3 1 1 0 2 0 0 1 2 0 133 2 2 1 0 0 4 0 2 2 4 0 0 1 1 1 1 0 0 1 1 0 14 2 1 95 1 2 0 0 0 3 0 0 0 1 2
346th document: 1 0 0 0 2 0 6 1 0 1 0 0 0 33 1 0 1 1 2 3 1 0 11 3 0 0 2 4 82 3 0 1 0 0 2 0 0 1 0 0 2 0 0 1 0 3 1 0 2 3
347th document: 1 1 0 1 1 0 0 3 1 0 0 6 9 40 0 1 2 4 0 0 1 207 0 0 0 2 2 2 6 0 0 0 1 2 1 0 5 6 1 1 0 0 0 0 0 0 1 0 2 0
348th document: 1 0 0 3 1 0 1 5 6 1 1 5 4 98 3 0 0 6 0 0 1 1 0 2 4 73 0 0 0 2 0 1 3 0 0 0 7 0 0 1 4 1 0 5 3 4 0 0 7 0
349th document: 4 0 0 8 1 0 0 1 0 3 335 2 0 140 0 2 2 1 0 2 3 173 0 0 1 4 0 0 0 0 0 0 28 1 1 0 0 0 1 2 2 0 3 1 3 3 2 0 5 0
350th document: 0 1 0 4 0 2 0 0 0 1 0 1 1 52 0 2 39 2 0 3 5 8 1 0 0 0 1 5 0 1 1 1 0 0 0 24 0 0 1 1 4 1 50 0 1 0 1 2 0 0
351th document: 0 1 0 0 2 0 0 0 0 4 0 0 0 18 0 0 5 18 0 0 1 32 0 0 11 2 0 0 0 2 1 0 0 0 5 0 4 0 1 0 0 1 6 2 1 2 8 2 1 10
352th document: 0 4 0 3 0 32 0 7 1 0 4 9 1 115 4 0 0 2 4 0 2 99 0 3 6 0 0 104 0 10 4 7 0 0 0 0 0 2 1 0 6 1 0 1 4 1 2 0 0 4
353th document: 6 0 3 1 0 0 4 1 0 7 3 2 0 19 0 1 1 2 0 1 0 23 0 1 0 0 5 74 0 12 0 1 0 1 1 0 0 0 0 0 1 0 0 0 5 1 2 1 0 1
354th document: 0 0 1 2 0 0 0 296 0 0 0 3 0 64 15 0 2 13 0 0 2 2 0 0 0 1 1 1 1 2 0 1 0 2 1 2 0 0 0 0 0 5 0 0 0 11 2 2 3 0
355th document: 1 0 1 7 1 2 2 0 0 0 0 2 0 554 119 287 3 0 0 0 1 4 1 2 1 0 0 2 3 0 0 0 1 2 1 11 0 1 0 2 3 1 1 0 4 0 0 0 1 5
356th document: 14 5 0 0 1 2 0 0 4 0 1 0 1 64 0 0 1 5 0 7 1 2 1 1 4 1 3 2 2 0 0 4 2 3 0 275 0 0 1 5 3 0 18 0 1 1 10 0 1 1
357th document: 0 4 0 1 0 0 0 0 1 4 0 2 1 38 0 1 0 2 0 184 2 57 2 1 1 0 0 0 0 0 0 0 6 1 1 0 0 0 0 0 0 2 74 0 0 0 1 0 2 0
358th document: 0 0 0 0 0 1 0 39 3 0 220 0 1 36 0 0 0 0 0 0 0 0 0 0 0 0 0 0 0 0 0 0 1 18 0 0 0 0 0 0 0 0 2 1 1 0 5 0 1 1
359th document: 0 1 0 1 0 1 0 3 0 2 0 29 1 86 0 2 2 0 3 7 6 405 1 0 0 0 0 0 0 0 3 0 22 17 1 5 2 1 1 2 17 1 1 0 1 0 2 0 1 0
360th document: 2 1 0 1 3 0 1 2 5 23 3 2 0 268 23 2 0 4 0 0 2 0 1 474 0 3 1 0 0 0 2 0 15 0 3 0 2 0 2 0 0 0 0 1 8 1 0 2 0 0
361th document: 0 1 0 0 0 0 0 4 0 1 5 0 6 0 3 1 108 10 0 7 2 72 0 2 3 0 1 0 0 1 2 0 0 0 0 0 0 0 0 0 0 1 11 0 0 0 0 0 0 2
362th document: 0 0 0 0 0 1 0 2 0 0 0 0 1 40 0 0 0 1 0 0 0 8 0 0 0 0 0 1 0 1 0 0 0 0 1 0 1 0 0 401 0 0 0 0 0 0 1 0 0 0
363th document: 0 0 0 2 0 0 2 0 0 0 1 0 3 113 3 0 1 3 6 1 1 2 0 0 2 0 1 0 0 1 0 2 0 2 0 0 0 1 0 0 0 3 28 0 700 0 1 3 3 1
364th document: 0 1 0 0 9 0 0 12 0 1 0 3 1 13 0 0 1 9 1 1 0 115 0 0 10 0 0 3 1 0 0 0 0 0 0 3 1 2 0 0 1 2 1 1 0 0 3 1 1 0
365th document: 1 2 0 0 2 1 0 18 2 0 217 0 5 35 0 0 0 0 0 1 1 1 1 0 0 0 2 0 0 0 0 0 0 7 0 2 0 1 0 1 0 0 6 2 1 1 1 0 4 0
366th document: 0 1 0 3 1 2 0 2 8 0 0 13 2 56 0 0 0 0 0 0 1 16 0 8 5 1 0 0 1 86 0 0 3 1 1 10 1 0 0 4 0 0 0 0 2 0 7 0 1 0
367th document: 3 47 5 1 11 1 2 6 1 2 0 1 2 158 5 2 0 0 2 0 2 1 11 0 3 1 0 0 395 0 0 0 0 1 3 0 2 3 1 3 0 5 2 0 23 6 5 5 0 0
368th document: 0 0 0 5 2 2 1 119 1 0 1 1 0 66 0 0 0 0 0 0 0 5 1 0 0 0 2 1 0 1 0 1 215 2 0 22 2 5 1 1 0 0 1 0 1 1 2 0 1 4
369th document: 0 11 0 2 0 2 1 0 0 0 5 0 0 87 0 0 1 1 0 0 0 0 1 3 0 1 2 1 0 0 2 0 212 0 0 3 1 0 0 0 15 0 21 0 2 2 2 1 2 2
370th document: 1 5 1 0 4 4 0 2 2 0 2 0 0 27 1 2 3 0 0 1 0 2 0 1 0 0 0 4 110 1 1 0 0 8 0 0 0 11 0 0 1 0 52 0 0 5 0 0 1 4
371th document: 2 1 1 0 1 0 0 5 0 0 0 9 0 127 0 0 1 143 3 0 0 57 3 6 5 0 0 0 3 0 0 0 23 14 1 25 0 1 0 3 7 4 2 1 0 3 0 0 0 3
372th document: 0 0 1 1 0 0 0 4 1 0 1 0 7 54 0 2 2 36 1 137 0 1 0 0 0 0 0 2 0 0 0 0 1 0 2 0 0 0 1 7 0 0 60 2 0 0 0 0 24 0
373th document: 1 1 7 0 0 0 0 275 0 0 0 0 1 120 1 2 1 0 0 1 0 10 1 1 0 0 1 0 1 2 0 0 1 2 1 6 0 0 2 0 0 3 0 2 1 0 0 2 3 0
374th document: 2 0 0 2 0 0 0 3 0 1 0 0 2 7 0 0 0 71 1 1 0 0 2 0 0 1 1 0 1 0 0 0 0 1 0 0 1 0 0 2 6 3 0 0 44 0 2 1 2 0
375th document: 4 0 0 0 0 0 1 0 0 0 4 0 3 1 0 1 3 300 2 6 0 2 1 0 0 0 1 0 0 0 0 0 0 4 2 0 1 0 0 0 2 4 1 0 6 0 0 1 2 0
376th document: 1 380 5 0 0 0 1 56 1 1 1 1 4 88 0 1 1 0 2 3 2 2 2 1 0 0 2 3 1 3 1 3 0 5 0 4 0 6 1 2 0 3 10 0 14 0 4 4 1 0
377th document: 0 8 1 1 0 7 1 119 6 0 0 0 4 209 9 0 0 77 1 3 1 296 6 1 11 1 2 1 3 2 0 370 85 41 5 4 1 1 0 0 1 12 3 1 8 1 1 0 4 3
378th document: 0 0 0 2 0 5 0 2 2 18 3 25 2 504 7 2 3 2 14 0 0 2 0 4 4 2 2 0 1 84 1 460 115 16 0 6 3 1 4 1 0 3 10 1 6 1 7 0 3 11
379th document: 2 10 1 0 0 0 0 2 0 0 0 4 1 120 0 0 0 65 1 1 5 52 0 0 0 0 0 1 0 1 0 3 2 10 0 1 0 2 1 2 2 700 7 1 7 8 0 1 0 2
380th document: 1 1 0 0 0 0 0 0 1 1 0 0 1 76 1 4 3 0 0 3 0 0 1 8 2 0 1 0 2 0 2 4 2 4 1 4 0 0 0 0 128 1 28 1 0 0 0 1 2 0
381th document: 0 5 0 2 2 6 1 8 0 68 0 9 0 73 7 0 1 13 0 4 1 30 3 5 0 9 0 6 11 1 1 1 2 0 3 1 1 1 0 1 2 5 9 2 4 0 0 1 0 6
382th document: 1 0 2 0 3 0 1 2 1 0 0 39 6 141 5 0 0 0 2 1 2 91 4 1 2 0 3 1 0 0 1 6 49 0 108 4 0 0 2 0 5 1 0 0 1 4 1 5 4 2
383th document: 0 2 0 1 0 0 1 30 0 0 0 0 0 15 1 0 1 177 6 0 2 18 0 3 1 0 0 0 2 0 1 2 0 0 1 201 1 2 2 0 0 3 5 0 0 1 2 0 1 4
384th document: 0 0 4 3 0 1 1 3 0 2 0 12 2 593 0 0 4 1 3 0 0 350 0 0 8 0 0 1 1 12 0 1 0 0 5 11 2 1 2 0 1 0 4 2 0 0 2 0 0 568
385th document: 4 0 3 2 0 0 2 40 1 2 2 13 0 77 2 0 4 0 3 1 3 39 1 0 1 0 4 0 0 0 0 1 0 19 3 0 0 1 0 1 2 1 0 5 5 2 0 0 1 1
386th document: 2 2 0 0 1 2 0 1 4 61 0 2 3 51 4 3 2 6 2 0 0 48 0 0 1 0 2 0 2 2 0 0 11 0 1 1 1 2 0 1 0 0 1 0 1 1 2 0 0 0
387th document: 0 1 0 1 0 0 0 0 1 2 0 0 0 448 0 0 3 0 0 0 0 30 3 1 2 0 0 4 1 5 1 0 7 1 1 6 0 1 0 2 1 2 5 0 2 0 872 2 5 1
388th document: 0 0 0 0 0 4 1 2 0 0 1 0 205 17 1 0 4 97 1 0 1 0 0 3 4 0 0 2 1 0 0 0 0 1 0 0 3 1 3 3 0 1 5 0 0 1 0 0 1 0
389th document: 0 1 1 0 0 0 0 8 0 0 0 0 9 33 0 0 0 206 0 0 0 11 0 0 0 0 1 0 0 0 0 2 4 7 5 0 0 0 2 1 1 0 3 0 1 0 2 0 100 0
390th document: 2 2 3 0 1 0 4 47 14 0 7 0 17 168 3 3 74 4 1 7 2 4 1 13 4 1 2 1 1 0 1 5 5 0 0 0 146 1 0 3 0 2 101 0 7 4 0 1 45 2
391th document: 0 1 7 1 0 0 0 8 2 0 4 11 0 139 3 1 0 3 0 0 12 18 7 4 0 4 1 1 1 0 0 3 25 137 7 16 0 3 0 1 0 2 5 0 11 1 7 0 0 4
392th document: 0 0 11 6 0 0 0 2 4 3 2 0 0 14 0 1 0 16 0 0 0 117 3 3 3 1 1 1 0 0 0 12 10 0 1 3 0 1 4 0 0 0 0 0 1 0 0 1 2 0
393th document: 0 0 0 0 1 55 0 2 0 2 0 0 0 78 5 1 1 1 0 1 1 0 0 0 1 0 0 0 0 1 0 0 0 0 0 6 0 1 0 1 0 2 2 0 3 2 6 0 0 0
394th document: 3 6 0 0 0 2 1 2 1 0 0 0 2 50 3 0 3 1 1 0 2 0 0 4 0 0 2 0 177 3 1 0 0 0 0 0 0 1 1 2 0 0 8 1 1 2 0 0 4 0
395th document: 1 0 0 1 0 0 0 64 593 0 0 0 1 265 0 1 3 4 1 3 2 1 0 2 2 2 0 0 0 0 3 0 5 1 1 0 7 0 0 0 0 0 4 0 55 0 2 2 0 0
396th document: 1 0 0 0 2 49 2 1 0 1 2 0 0 68 0 0 0 2 0 0 0 17 0 0 4 0 0 0 2 1 3 1 2 7 1 0 0 0 1 1 1 1 1 1 1 0 1 0 0 1
397th document: 0 2 2 1 8 1 1 0 1 4 0 1 0 76 3 1 7 1 0 0 2 1 1 0 0 0 0 1 0 4 1 0 0 1 2 0 27 1 0 0 0 0 60 2 1 0 1 1 0 0
398th document: 0 1 2 0 0 0 0 0 0 0 1 46 0 21 1 0 0 0 1 1 1 0 5 0 0 0 0 0 4 4 1 0 1 2 2 1 1 0 0 0 1 0 0 0 0 0 0 0 0 1
399th document: 1 1 1 0 1 0 0 1 1 0 1 0 3 71 0 2 3 0 2 2 0 14 0 1 96 0 2 2 1 1 0 0 0 0 0 0 0 2 0 1 1 3 18 2 4 0 1 1 7 2
400th document: 1 0 0 0 1 5 0 5 0 0 0 10 1 29 0 0 1 256 1 0 0 101 4 3 2 0 1 1 0 0 0 1 11 21 0 0 1 4 0 0 0 0 1 1 6 0 0 3 0 4
401th document: 0 0 2 0 1 2 0 0 3 0 1 1 31 35 1 0 0 1 0 0 0 28 0 1 0 0 0 2 0 6 0 1 5 0 1 0 0 0 0 0 0 0 1 3 1 2 0 0 2 0
402th document: 112 4 0 1 0 0 0 1 2 4 0 0 3 37 3 0 3 0 4 0 3 6 1 1 0 1 3 5 3 0 0 0 1 4 2 0 2 2 0 0 0 0 0 1 44 0 2 0 1 0
403th document: 2 2 0 1 1 0 3 2 4 2 0 2 0 197 26 1 1 1 0 0 4 2 1 3 4 12 2 1 1 0 0 3 4 5 0 108 1 1 0 2 0 1 9 5 0 3 0 5 0 4
404th document: 0 0 1 1 1 1 2 2 0 3 0 0 0 14 0 0 0 1 0 0 0 153 2 0 0 0 0 1 0 4 0 3 0 1 5 14 2 2 0 0 0 5 31 1 6 1 3 0 2 1
405th document: 0 17 6 0 148 1 3 2 1 0 4 0 1 89 0 2 1 0 0 1 1 1 2 0 2 0 1 2 2 0 2 2 5 1 1 1 6 0 0 0 8 2 55 5 11 0 1 0 5 0
406th document: 1 2 4 3 1 0 2 3 2 0 3 0 6 52 2 0 1 1 0 0 0 2 0 0 0 1 2 3 0 4 1 0 50 16 1 0 0 0 3 1 1 0 40 0 10 166 1 0 10 0
407th document: 3 0 0 3 1 0 6 3 0 0 0 2 0 4 0 2 0 2 3 0 0 4 1 0 1 0 0 0 0 1 1 1 2 1 0 3 0 1 2 5 1 1 1 0 50 1 2 2 0 3
408th document: 0 131 0 3 2 0 2 0 0 0 4 0 0 101 0 0 3 0 2 5 0 4 0 0 1 2 1 0 15 0 1 0 2 2 1 0 2 3 0 4 3 0 87 0 2 0 9 0 12 2
409th document: 2 0 2 7 0 1 1 3 0 0 1 0 1 27 1 0 4 0 0 0 0 179 4 2 0 4 0 0 1 2 2 0 1 1 4 0 6 10 2 0 0 0 0 0 0 0 1 1 3 4
410th document: 1 0 0 0 0 0 0 6 0 1 2 1 18 26 0 3 0 251 1 0 0 2 1 0 1 0 2 0 0 1 0 0 0 0 0 0 0 0 0 0 0 0 1 0 5 1 0 0 77 0
411th document: 0 0 0 0 0 0 0 2 0 0 3 1 72 50 2 1 2 4 1 1 1 0 2 1 0 0 0 0 0 1 1 0 1 0 2 0 3 0 4 0 1 1 0 3 2 0 1 0 80 1
412th document: 1 7 2 3 0 1 1 4 1 0 0 6 2 20 0 0 2 9 0 1 0 10 1 0 2 0 10 42 4 0 4 5 21 1 2 2 2 0 0 1 3 1 1 0 0 0 0 2 2 0
413th document: 0 8 0 2 0 57 2 0 0 0 1 6 0 83 0 1 2 1 0 0 2 25 0 1 0 0 1 0 2 5 6 0 0 0 3 2 0 1 0 4 0 1 0 0 0 3 2 1 2 4
414th document: 1 1 1 0 0 2 1 3 1 0 0 1 0 61 0 1 0 69 0 0 1 25 2 0 0 0 1 1 1 0 0 1 1 2 0 0 0 2 1 0 2 411 26 0 1 1 0 1 0 0
415th document: 1 278 0 0 14 0 1 8 1 2 2 0 0 303 8 2 3 2 2 0 0 20 3 0 2 0 5 0 2 2 6 0 1 0 0 7 3 4 0 0 1 2 0 0 1 1 1 0 2 4
416th document: 0 1 0 0 0 1 0 3 1 2 2 0 0 3 0 0 0 1 2 0 1 40 0 0 0 0 0 0 39 3 0 1 0 2 2 7 1 0 1 8 3 0 19 0 7 0 2 1 4 0
417th document: 1 3 0 0 1 4 4 11 0 0 0 4 12 4 0 1 2 26 1 3 0 55 3 0 0 3 5 0 6 1 1 0 1 12 5 0 240 0 0 2 0 3 0 0 22 0 9 0 2 1
418th document: 1 0 0 1 0 2 0 8 2 2 0 0 1 46 0 2 13 14 0 0 146 2 0 2 0 3 2 0 0 0 0 2 2 2 0 1 0 2 1 2 0 0 7 0 8 0 0 4 9 0
419th document: 0 5 5 1 3 1 2 1 1 0 0 0 6 76 0 0 7 3 1 0 0 22 5 0 130 0 1 0 1 0 1 3 5 2 1 0 0 1 0 1 0 1 23 1 1 0 3 0 3 1
420th document: 3 1 4 3 0 0 0 5 2 1 10 53 252 263 6 0 9 0 0 4 1 0 2 12 3 8 3 1 1 4 4 4 18 0 0 0 1 2 0 0 0 0 38 4 1 0 11 0 0 11
421th document: 0 0 0 0 0 0 0 1 1 1 1 0 1 75 14 0 2 0 0 1 0 0 1 0 0 0 1 0 0 0 0 0 1 0 0 0 136 1 1 0 0 0 11 0 1 0 1 0 0 0
422th document: 1 0 0 0 2 0 0 2 0 1 0 1 2 56 0 0 0 0 1 1 1 1 0 0 1 1 0 0 2 3 0 0 30 0 0 0 0 0 0 0 0 1 34 0 0 2 189 0 1 3
423th document: 4 1 2 0 3 0 2 5 0 1 0 0 0 23 0 0 7 11 2 1 3 0 39 1 0 0 1 1 1 1 0 1 0 0 0 1 0 11 0 1 5 2 9 0 0 2 1 0 0 0
424th document: 0 0 3 3 0 1 2 1 3 1 0 2 0 86 0 2 1 1 0 0 0 8 0 2 3 1 0 0 0 4 0 1 52 0 1 0 1 1 0 0 0 1 13 0 0 0 0 1 254 2
425th document: 1 5 3 0 3 1 1 0 0 0 15 1 10 66 0 0 5 5 0 2 1 21 5 3 11 2 0 0 0 2 0 1 1 1 0 1 1 0 0 0 1 1 0 4 1 1 0 0 0 17
426th document: 0 12 0 0 0 0 1 0 1 10 6 2 0 29 3 0 0 0 0 1 3 15 2 1 4 0 8 9 2 0 0 0 16 33 4 1 0 2 3 1 2 0 6 1 0 1 0 0 0 0
427th document: 0 0 4 1 0 1 0 6 35 1 1 0 8 382 2 1 5 1 2 0 4 0 0 0 1 356 10 1 0 0 3 2 1 1 0 1 5 1 1 1 0 7 0 5 6 0 10 3 0 0
428th document: 0 0 1 3 2 0 3 2 0 0 0 0 0 78 0 7 1 1627 0 3 0 216 0 1 1 2 0 7 1 0 0 0 12 0 1 0 0 0 1 0 1 4 0 0 5 0 3 0 0 5
429th document: 0 5 0 3 1 3 1 2 0 2 0 0 4 172 8 1 0 1 0 0 3 7 0 1 0 2 2 1 1 1 2 2 1 165 0 1 1 9 8 1 1 0 30 0 2 0 3 4 4 0
430th document: 1 7 0 0 6 0 2 455 0 0 0 0 1 84 10 0 1 1 1 2 1 0 5 1 4 0 1 2 17 0 7 0 0 0 0 0 2 0 0 0 0 7 2 0 0 0 2 2 1 2
431th document: 0 0 2 0 2 1 0 0 6 0 2 2 0 64 0 2 0 0 0 1 0 29 1 0 0 0 1 0 2 2 0 90 22 2 0 1 1 0 0 1 1 0 39 0 3 1 1 1 0 0
432th document: 2 0 2 0 0 0 0 1 0 0 4 141 0 140 1 2 4 0 2 0 0 7 0 1 0 1 1 2 1 2 0 0 76 1 0 12 4 1 1 0 0 1 0 1 4 1 8 0 0 2
433th document: 0 0 2 0 0 3 1 1 3 1 3 1 0 22 1 0 0 1 1 0 0 12 33 2 1 0 5 2 1 4 0 6 1 2 0 0 2 1 0 0 5 1 0 0 3 2 0 0 0 6
434th document: 5 897 0 0 1 0 0 1 0 1 6 1 2 283 2 6 0 0 2 2 2 8 10 0 0 3 2 0 19 0 0 0 0 0 0 0 0 2 5 2 0 1 0 0 2 2 1 4 6 0
435th document: 1 0 3 1 0 0 5 0 0 0 2 3 6 31 1 3 84 4 2 3 4 0 1 5 0 1 5 4 0 2 2 1 7 7 0 0 14 8 0 0 0 0 4 0 0 1 1 3 2 0
436th document: 0 1 15 0 2 0 0 0 2 3 1 1 0 80 3 0 57 1 2 4 0 74 0 0 1 3 1 0 0 1 1 2 5 0 2 3 4 2 0 0 0 2 0 1 0 1 2 1 0 0
437th document: 0 1 2 2 0 0 0 7 0 0 2 0 0 88 0 0 2 0 0 0 1 0 0 0 0 0 0 3 0 3 0 0 1 4 5 1 1 5 0 0 5 5 6 0 377 1 1 1 2 0
438th document: 1 3 1 1 2 0 6 0 1 65 2 4 6 50 0 1 0 0 2 0 0 0 1 2 0 3 0 4 2 1 4 3 1 0 1 1 0 0 5 4 2 0 0 0 0 0 0 4 1 1
439th document: 0 0 3 1 0 13 0 1 0 0 0 4 1 26 0 1 1 2 1 0 0 191 0 0 0 0 0 0 1 1 1 0 4 3 2 0 0 0 1 0 0 0 1 0 1 2 2 6 1 0
440th document: 0 0 1 7 0 1 0 0 1 3 1 4 2 106 3 0 7 0 335 1 1 11 4 2 1 1 22 0 1 8 7 0 0 3 0 0 0 1 2 2 4 1 0 3 2 0 0 0 3 1
441th document: 2 1 1 0 3 2 1 2 0 1 10 4 0 144 2 1 0 0 1 1 2 72 0 0 161 1 1 0 12 6 1 2 12 0 0 3 3 7 0 5 0 0 1 1 1 1 6 0 7 0
442th document: 0 2 0 3 1 0 1 2 0 0 0 2 1 20 0 0 0 8 0 1 2 26 2 1 2 1 2 0 2 4 2 0 112 0 2 0 0 3 0 0 0 1 1 4 1 1 2 0 1 1
443th document: 0 0 0 0 0 1 0 0 0 0 1 0 0 26 1 0 0 0 0 0 0 0 0 0 0 0 0 0 0 0 0 0 0 0 0 0 72 0 0 0 0 0 4 0 0 0 0 0 0 0
444th document: 0 2 0 1 3 0 2 7 2 0 5 1 22 365 1 1 1 279 0 513 0 17 2 4 1 2 1 3 4 0 4 0 6 1 10 9 0 0 2 0 1 4 2 0 4 0 2 2 2 0
445th document: 0 0 0 0 0 0 0 2 0 0 1 1 0 57 11 1 0 1 0 0 0 0 2 1 0 0 1 0 0 0 1 0 1 19 0 0 116 0 0 0 0 0 5 0 0 0 1 0 0 0
446th document: 0 2 0 0 0 0 0 1 2 0 2 1 0 92 0 0 0 1 0 0 1 2 5 0 0 1 0 0 6 0 3 1 329 1 1 0 1 0 0 1 0 0 1 0 7 0 0 0 0 1
447th document: 1 0 0 4 5 1 4 15 1 1 4 1 0 23 2 0 5 1 2 1 0 0 1 1 0 1 2 0 0 0 0 2 2 0 0 4 4 2 2 0 0 6 287 1 0 1 6 0 3 2
448th document: 0 1 4 0 5 0 10 4 0 2 1 0 2 94 2 2 1 185 1 0 7 41 0 0 0 1 1 1 0 4 3 2 24 0 1 18 0 0 2 1 2 3 1 0 3 2 1 0 0 3
449th document: 1 1 0 0 0 1 0 11 0 0 3 0 14 2 0 2 3 0 0 2 1 10 1 6 0 4 1 1 1 0 0 2 2 0 1 1 0 0 2 0 3 4 0 0 0 0 0 0 1 0
450th document: 0 54 1 1 15 2 0 0 2 0 2 3 7 422 9 1 1 0 0 1 1 0 0 3 2 6 5 5 3 2 1 1 3 2 0 2 0 0 0 0 5 2 2 0 2 9 1 492 8 0
